       40.000000       10.000000
       20.000000       10.000000
       40.000000       14.670807
       35.679527       10.000000
       30.615748       10.000000
       25.787469       10.000000
       20.000000       16.120653
       22.500000       12.990381
       36.485493       17.818886
       33.785353       14.133094
       28.296489       14.773529
       24.518503       17.959079
       20.000000       20.972494
       40.000000       20.409268
       35.056867       22.970929
       31.835555       19.023545
       28.213951       20.691400
       24.527521       23.481204
       20.000000       25.885325
       40.000000       25.333083
       35.060444       27.813000
       30.173525       25.078238
       25.240599       28.028248
       20.000000       30.487235
       70.000000       54.991562
       70.000000       50.000000
       40.000000       30.249848
       35.047044       32.677687
       30.127596       30.094234
       25.047950       32.723970
       20.000000       35.188041
       70.000000       65.008207
       70.000000       70.000000
       70.000000       60.000214
       66.142478       55.018204
       64.899717       50.000000
       40.000000       35.161000
       35.033059       37.523459
       30.046657       34.975417
       25.043609       37.478679
       64.897638       70.000000
       66.141729       64.982924
       64.798809       60.000904
       61.720092       54.998880
       59.860581       50.000000
       54.876370       50.000000
       40.000000       40.074602
       30.063723       39.826017
       25.065927       42.230305
       20.000000       39.904779
       59.856582       70.000000
       61.717658       65.002197
       59.728187       60.000871
       57.057495       54.999624
       35.056366       42.379997
       30.092722       44.653449
       24.980641       46.964062
       20.000000       44.621303
       54.870621       70.000000
       57.053007       65.001461
       49.920823       50.000000
       54.736112       60.001132
       52.305218       55.004709
       40.000000       45.017034
       35.078837       47.242481
       29.842296       49.409859
       24.928065       51.798575
       20.000000       49.381642
       49.912993       70.000000
       52.297771       64.997674
       47.548295       55.008689
       44.966361       50.000000
       49.755937       60.003409
       34.498125       51.936597
       40.000000       50.000000
       34.270560       57.328906
       29.732002       54.393705
       24.831607       56.673641
       20.000000       54.169879
       44.955542       70.000000
       47.534509       64.996882
       42.867248       55.050109
       44.729158       59.998457
       38.391396       54.901989
       29.495817       59.409734
       24.824807       61.642301
       20.000000       58.998621
       42.849001       64.923591
       39.545759       59.935480
       34.369476       62.083021
       29.755134       64.380232
       24.920298       66.482074
       20.000000       63.812008
       38.420317       65.013563
       34.448915       67.492064
       29.792487       69.311547
       20.000000       68.555328
       40.000000       70.000000
       35.089128       72.166296
       30.142145       73.966660
       24.963506       71.293054
       20.000000       73.241213
       20.000000      100.000000
       40.000000       74.921775
       35.111087       77.068279
       25.100647       75.963190
       20.000000       82.346286
       20.000000       77.828566
       23.411844      100.000000
       20.000000       95.416946
       20.000000       91.123344
       20.000000       86.929227
       40.000000       79.898939
       24.813337       85.326655
       30.179136       78.635979
       25.128846       80.636053
       24.657460       94.825312
       26.691318      100.000000
       29.584757       87.467787
       25.350961       90.296158
       35.152346       82.012430
       30.194574       83.198437
       30.000000      110.000000
       30.000000      105.274283
       29.373489       95.000208
       30.000000      100.000000
       31.380137       91.393385
       40.000000       84.950339
       34.975860       86.987781
       34.327691      110.000000
       34.101716      101.655410
       34.662236       96.571132
       36.033632       92.180940
       40.000000       90.000000
       39.219208      110.000000
       35.939860      105.595430
       38.707791      100.232848
       40.545826       95.244384
       44.315215       90.000000
       41.081795      104.996688
       43.955920      110.000000
       43.605273       99.980689
       48.950342       90.000000
       45.769170       94.981556
       48.751513      110.000000
       46.072164      104.966691
       53.707391       90.000000
       50.876030       95.005423
       48.506660       99.948035
       53.585233      110.000000
       51.009753      104.965343
       58.524389       90.000000
       55.889491       95.012486
       53.452636       99.981476
       63.369087       90.000000
       55.943796      104.982239
       58.446751      110.000000
       60.857418       95.014002
       58.404408       99.994233
       65.806023       95.016034
       68.220332       90.000000
       60.875799      104.986215
       63.317568      110.000000
       63.360749       99.998369
       70.749679       95.021314
       73.059684       90.000000
       68.327476      100.000183
       65.808489      104.985721
       75.697715       95.031520
       77.865529       90.000000
       73.316920      100.000913
       70.745873      104.980919
       68.184880      110.000000
       82.606251       90.000000
       80.656017       95.049819
       78.349507      100.001120
       75.692114      104.970675
       73.034699      110.000000
      100.000000       90.000000
       90.569396       95.137524
       87.234089       90.000000
       85.622828       95.077055
       83.460341      100.001095
       80.650540      104.952136
       77.847681      110.000000
       95.895556       90.000000
      100.000000       94.976607
       91.670406       90.000000
       88.707815      100.001043
       85.618144      104.924600
       82.593432      110.000000
       95.382363       95.098359
       94.207176      100.002017
       90.565612      104.864184
       87.224905      110.000000
      100.000000       99.998343
       95.380211      104.905303
       91.664103      110.000000
      100.000000      105.020451
       95.892508      110.000000
      100.000000      110.000000
