           211           213           195
           195           213           212
           195           212           204
           195           204           186
           124           147           125
           123           146           147
           147           146           166
           166           125           147
           146           123           165
            79            78           102
            23            15            14
           213           211           220
             3           212           221
           221           212           213
           214           212             3
           205           204           214
           214           204           212
           196           204           205
           185           186           196
           196           186           204
           194           186           185
           175           184           194
           113           114            90
           113           136           137
           137           114           113
           125           166           148
           167           149           148
           148           149           125
           137           138           115
           116           114           115
           115           114           137
           137           136           160
           160           138           137
           187           196           205
            79           102           103
            29            19            28
            28            19            27
            38            29            28
            30            29            38
            88           111            89
            28            27            36
            45            35            44
            45            36            35
            79           103            80
            81            80           103
            24            16            15
            24            15            23
            34            24            43
            13            14             1
             1            22            13
            23            14            13
            33            41            42
            42            43            33
            33            24            23
            43            24            33
            40            41            31
            32            22            31
            31            41            32
            23            13            32
            32            13            22
            32            33            23
            41            33            32
            58            67            68
            58            59            49
            68            59            58
            91            67            90
            91           114           116
            90           114            91
            68            67            91
           208           217           218
           216           217           208
           200           192           191
           135           157           158
           158           157           173
           173           174           158
           191           192           183
           190           200           191
           179           188           189
           189           180           179
           150           149           167
           179           180           170
           211           193           202
             2           220           202
           202           220           211
           184           193           203
           203           194           184
           186           194           203
           203           193           211
           203           211           195
           195           186           203
           159           160           136
           138           160           161
           161           162           138
           175           194           176
           176           159           175
           160           159           176
           176           161           160
           176           194           185
           185           161           176
           185           196           177
           196           187           177
           177           187           178
           177           161           185
           178           162           177
           162           161           177
             4           162           178
           144           165           145
           145           165           123
           138           162           139
           139           115           138
           139             4           140
           162             4           139
           126           103           102
           124           125           126
           126           102           124
           125           149           126
           149           127           126
           104           103           126
           126           127           104
            19            29            20
            21            29            30
             8            20            21
            21            20            29
            18            27            19
            35            36            26
            26            36            27
            89           111           112
           110           111            87
            87            88            64
           111            88            87
            66            88            89
            65            66            57
            88            66            65
            65            55            64
            64            88            65
            37            38            28
            28            36            37
            37            45            46
            36            45            37
           105           103           104
           105            81           103
            82            81           105
           105           106            82
            64            55            63
            12            16            25
            16            24            25
            24            34            25
            76            99            77
            50            40            49
            49            59            50
            41            40            50
            42            41            50
            69            93            70
            69            59            68
           223           218           217
           210           218           219
           219           223             7
           218           223           219
           217           216           222
           192           200           201
           209           218           210
           210           201           209
           209           201           200
           208           218           209
           173           172           182
           191           183           182
           182           183           174
           182           174           173
           173           157           156
           156           172           173
           207           216           208
           207           206           216
           181           189           190
           181           190           191
           181           172           180
           180           189           181
           191           182           181
           181           182           172
            82           106            83
           150           168           151
           149           150           151
           151           127           149
           122           145           123
           144           145           121
           145           122           121
            17            26            27
            17            18             9
            27            18            17
            30            38            39
           135           112           134
           134           157           135
           134           112           111
           134           111           110
            10            85            86
            86            87            64
            64            63            86
            10            86            62
            62            86            63
            53            62            63
            54            63            55
            54            55            46
            46            45            54
            54            53            63
            54            45            44
            44            53            54
            78            77           101
            77            99           101
           101           102            78
           124           102           101
            52            34            43
            60            69            70
            42            50            60
            60            50            59
            59            69            60
            92            94            93
            93            69            92
            92            69            68
            68            91            92
            92            91           116
           116            94            92
           216           206           215
             6           222           215
           215           222           216
           200           190           199
           199           209           200
           208           209           199
           199           207           208
           133           156           157
           133           134           110
           157           134           133
           206           207           197
           190           189           198
           198           199           190
           207           199           198
           198           197           207
           198           189           188
           188           197           198
           129           168           152
           129           151           168
           152           153           129
           142           143           141
           141           163           142
           141           118           140
           140             4           141
             4           163           141
           143           121           120
           120           121           122
           140           118           117
           117           139           140
           115           139           117
           116           115           117
           117            94           116
           100           122           123
            99           122           100
           100           101            99
           124           101           100
           100           147           124
           100           123           147
           144           121           164
           164           143           142
           164           121           143
            47            39            38
            47            37            46
            38            37            47
            48            39            47
            84            85            10
            87            86           109
           109            86            85
           110            87           109
            51            43            42
            51            52            43
            42            60            51
            51            60            70
            70            61            51
            61            52            51
           169           153           152
           156           133           155
            85            84           107
           107            83           106
           107            84            83
           106           105           128
           127           151           128
           151           129           128
           104           127           128
           128           105           104
            98           120           122
            98           122            99
            98            76            75
            99            76            98
            93            94            71
            94           117            71
            71           117           118
            48            47            56
            57            48            56
            56            65            57
            55            65            56
            46            55            56
            56            47            46
            85           107           108
            72            96            73
           132           155           133
           132           133           110
           110           109           132
           132           108           131
           132           109            85
            85           108           132
           172           156           171
           156           155           171
           180           172           171
           171           170           180
           171             5           170
            93            71            11
            70            93            11
            11            61            70
           143           120           119
           120            96           119
           119           141           143
           118           141           119
            95            96            72
            72            11            95
            95            11            71
            95            71           118
           118           119            95
            95           119            96
           120            98            97
            97            96           120
            75            74            97
            97            98            75
            74            73            97
            97            73            96
           130           108           107
           130           129           153
           153           131           130
           131           108           130
           130           107           106
           106           128           130
           130           128           129
           154           132           131
           155           132           154
           154           131           153
           154           171           155
             5           171           154
           153           169           154
           169             5           154
