           279           281           280
           280           281           282
            12             8             7
             9             5             4
             4             8             9
           278           279           280
           281           279           277
           158           157           173
           173           157           172
             8             4             2
             3             7             2
             2             7             8
            14            11            15
             1             5             6
             6            11             1
             6             5             9
             9            15             6
             6            15            11
           266           272           271
           172           157           142
           236           231           232
           234           235           238
           186           169           171
           185           198           184
           221           215           217
           217           210           212
           215           210           217
           188           173           172
            47            41            46
            46            41            40
            38            34            37
            33            34            38
           151           149           161
           162           179           161
           161           150           162
           149           150           161
           119           122           114
           105           114           113
           113           114           122
           137           122           119
           119           134           137
           137           134           149
           137           149           151
           152           179           162
            76            77            90
            74            88            85
            56            48            57
            94           106            93
            96            81            82
           274           273           278
           279           278           276
           278           273           276
           254           260           259
           258           253           259
           258           259           264
           264           259           260
           265           261           266
           266           271           265
           265           264           260
           271           264           265
           144           143           158
           240           231           236
           256           265           260
           257           261           256
           261           265           256
           213           206           208
           222           219           223
           233           234           238
           228           234           233
           226           232           231
           235           234           230
           229           234           228
           229           230           234
           160           148           146
           131           148           145
           148           160           145
           146           148           132
           132           139           146
           120           139           132
           221           217           211
           205           217           212
           205           196           202
           202           211           205
           205           211           217
           216           209           215
           216           215           221
           221           220           216
           200           210           201
           201           210           215
           215           209           201
           189           188           202
           202           196           189
           173           188           189
           189           196           183
            37            34            29
            14            15            19
            19            20            14
            25            20            19
            24            25            19
             9             8            10
            10            15             9
            36            40            41
            54            66            53
           149           134           135
           136           150           135
           135           150           149
           124           113           122
           169           186           170
           170           156           169
           170           186           198
           185           156           170
           170           198           185
           140           137           151
           122           137           140
           140           124           122
           123           124           140
           140           125           123
           155           140           151
           125           140           155
           171           169           155
           169           125           155
           123           125           141
           169           156           141
           141           125           169
           163           161           179
           179           180           163
           151           161           163
           163           155           151
           163           180           171
           171           155           163
           203           190           192
           203           205           212
           192           190           177
           178           192           177
           175           159           177
           177           190           175
           165           166           181
           193           180           179
           200           180           193
           204           210           200
           212           210           204
           200           193           204
           204           193           194
            75            88            74
            74            85            73
            55            48            56
            42            57            48
            43            49            42
            42            49            57
            56            57            71
           107           115           106
           106            94           107
            96           107            95
            95           107            94
            70            71            83
            56            71            70
            67            82            81
            67            55            56
            56            70            67
            67            70            82
           269           267           273
           269           274           270
           273           274           269
           262           253           258
           273           267           268
           268           276           273
           267           262           268
           268           262           258
           249           251           254
           249           259           253
           254           259           249
           279           276           275
           275           277           279
           272           277           275
           275           271           272
           183           196           182
           182           167           183
           182           192           178
           178           167           182
           153           139           154
           146           139           153
           183           167           168
           168           153           154
           167           153           168
           173           189           174
           174           189           183
           158           173           174
           174           144           158
           183           168           174
           174           168           144
           247           242           243
           243           244           247
           245           242           247
           247           244           248
           238           235           239
           239           243           238
           244           243           239
           222           223           227
           227           226           222
           232           226           227
           227           233           232
           227           223           228
           228           233           227
           228           223           224
           224           229           228
           220           229           224
           219           213           218
           218           223           219
           218           213           208
           218           224           223
           237           233           238
           238           243           237
           237           243           242
           232           233           237
           236           232           237
           237           242           236
           225           220           221
           225           229           220
           230           229           225
           128           115           131
           131           145           128
           128           145           130
           106           115           128
           197           184           198
           198           207           197
           197           207           208
           206           184           197
           208           206           197
           209           207           199
           199           201           209
           199           207           198
           198           186           199
           200           201           187
           187           180           200
           187           199           186
           201           199           187
           187           186           171
           171           180           187
            28            20            25
            28            31            32
            25            31            28
            30            34            33
            16            21            17
            18            19            15
            15            10            18
            24            19            18
            18            17            24
            12            16            13
            13            16            17
            13             8            12
            13            10             8
            17            18            13
            13            18            10
            35            36            32
            32            31            35
            40            36            35
            31            30            35
            33            40            35
            35            30            33
            46            51            52
            66            54            52
            52            54            47
            52            47            46
            33            38            39
            39            51            46
            46            40            39
            39            40            33
           101           103            90
           110           103           101
            53            66            64
            66            80            64
            65            80            66
            66            52            65
            65            52            51
            78            80            65
           111           110           120
           111           103           110
           127           126           143
           143           144           127
           120           110           112
            44            38            37
            45            39            38
            51            39            45
            38            44            45
            45            44            50
           196           205           195
           205           203           195
           195           203           192
           195           182           196
           192           182           195
           130           145           147
           147           145           160
           147           159           130
           147           177           159
           147           160           178
           178           177           147
           164           152           165
           165           181           164
           164           181           194
           179           152           164
           164           193           179
           194           193           164
           194           181           176
           175           190           176
           190           203           191
           191           176           190
           191           203           212
           212           204           191
           191           204           194
           194           176           191
            88            75            89
            90           103            89
            89           103            88
            89            75            76
            89            76            90
            83            71            58
            58            71            60
           100            85            88
            60            71            59
            57            49            59
            59            71            57
            96            82            97
            97           107            96
            55            67            68
            68            81            69
            68            67            81
           258           264           263
           263           268           258
           263           264           271
           271           275           263
           276           268           263
           263           275           276
           129           160           146
           146           153           129
           129           153           167
           129           167           178
           178           160           129
           246           240           241
           241           240           236
           236           242           241
           242           245           241
           252           245           247
           257           256           252
           252           248           257
           247           248           252
           255           260           254
           255           256           260
           255           252           256
           245           252           255
           208           207           214
           214           218           208
           224           218           214
           214           216           220
           220           224           214
           214           207           209
           209           216           214
            27            30            31
            27            25            24
            27            31            25
           110           101           104
           104           112           110
            91           112           104
            90            77            87
            87           101            90
            53            64            61
            61            87            77
            64            87            61
           133           148           131
           133           132           148
           154           139           121
           121           139           120
           120           112           121
           138           127           144
           138           168           154
           144           168           138
            62            45            50
            62            63            78
            50            63            62
            78            65            62
            62            65            51
            51            45            62
            78            63            79
            72            58            60
            88           103           102
           102           100            88
           103           111           102
            98            97            82
            98            70            83
            82            70            98
            83            99            98
           250           241           245
           250           255           254
           245           255           250
           254           251           250
           250           251           246
           246           241           250
            23            21            26
            17            21            23
            24            17            23
            23            27            24
            92            80            78
            91           104            92
            78            79            92
            92            79            91
           101            87            86
            86           104           101
            86            64            80
            86            87            64
            80            92            86
            86            92           104
           117           133           131
            84            72            73
            84            73            85
            58            72            84
            85           100            84
            84           100            99
            84            99            83
            83            58            84
            22            23            26
            26            29            22
            22            29            34
            34            30            22
            30            27            22
            27            23            22
           115           107           116
           107            97           116
           131           115           116
           116           117           131
            99           100           109
           100           102           109
            97            98           108
           108           116            97
           108            98            99
           117           116           108
            99           109           108
           108           109           117
           133           117           118
           117           109           118
           132           133           118
           118           102           111
           118           109           102
           120           132           118
           118           111           120
