      100.000000      100.000000
      100.000000       80.000000
      100.000000       94.938824
       96.660788      100.000000
      100.000000       89.962252
      100.000000       84.992626
       96.106280       80.000000
       95.589388       94.516383
       93.346908      100.000000
       95.311244       85.053137
       80.000000       80.000000
       92.049737       80.000000
       90.798667       94.673239
       94.359848       89.750155
       90.000000      110.000000
       90.000000      105.166417
       90.000000      100.000000
       90.301568       85.161158
       80.000000       84.984785
       87.894782       80.000000
       83.870619       80.000000
       85.830466       95.531429
       89.051413       90.048233
       85.786729      110.000000
       84.596432      105.335261
       85.971131      100.869721
       85.144469       85.368799
       84.421924       90.617044
       81.184254      110.000000
       81.777410       99.880526
       75.858919       90.000000
       80.000000       90.000000
       79.635759      104.891578
       77.110211       99.866566
       76.636579      110.000000
       80.380160       94.967550
       74.745180      104.940461
       71.978614      110.000000
       75.168846       94.933121
       71.522890       90.000000
       67.013855       90.000000
       72.331656       99.929468
       69.876838      104.959399
       62.601296       99.998842
       67.262222      110.000000
       70.082612       95.012038
       67.473781       99.981585
       65.011239      104.979810
       62.510035      110.000000
       65.100153       95.030898
       62.414341       90.000000
       60.149127      104.985020
       57.745414      110.000000
       60.168907       95.034679
       57.780974       90.000000
       53.158732       90.000000
       57.727303      100.001826
       55.286124      104.984596
       52.984972      110.000000
       55.246582       95.033414
       52.857948       99.993574
       48.249744      110.000000
       50.416333      104.971959
       43.563621      110.000000
       38.952908      110.000000
       35.590073      105.459177
       34.241331      110.000000
       30.000000      110.000000
       20.000000      100.000000
       50.292928       95.022500
       48.596067       90.000000
       44.157912       90.000000
       45.537630      104.953921
       48.002709       99.956272
       40.627638      104.956237
       30.000000      105.216747
       23.501143      100.000000
       20.000000       95.639409
       45.256618       94.970156
       43.206781       99.914606
       38.498916      100.083892
       34.079728      101.205814
       26.753301      100.000000
       30.000000      100.000000
       24.838879       94.784064
       20.000000       91.643468
       40.102875       95.051332
       40.000000       90.000000
       34.616791       96.030738
       29.523940       94.904844
       25.465238       90.170133
       20.000000       87.796290
       35.775707       91.118788
       31.259671       90.925459
       40.000000       86.163248
       20.000000       83.756503
       20.000000       79.925155
       29.736301       86.941421
       24.941124       85.112036
       20.000000       76.175059
       20.000000       72.245532
       34.911687       85.888000
       40.000000       78.085131
       40.000000       82.256789
       25.049162       80.220269
       30.092710       82.511168
       25.133787       75.379217
       25.119232       70.564922
       20.000000       68.200851
       34.986035       80.627899
       30.090864       77.864493
       24.531867       65.600046
       20.000000       63.892740
       20.000000       60.000000
       30.219671       73.174813
       35.019720       75.399239
       29.830725       68.640640
       28.485413       64.086407
       24.802176       60.000000
       35.039904       70.106891
       40.000000       73.913675
       37.884159       64.941668
       33.364328       64.832402
       30.000000       55.031287
       30.000000       50.000000
       30.000000       60.000000
       40.000000       70.000000
       35.171167       59.943391
       40.344948       60.072266
       35.097801       50.000000
       33.869251       54.935053
       45.257430       70.000000
       42.545798       65.579349
       40.047874       50.000000
       38.269769       55.174750
       50.445398       70.000000
       48.318203       65.548563
       45.397346       62.152718
       45.262588       57.947848
       45.359150       50.000000
       42.745436       54.369454
       55.303948       70.000000
       53.015567       64.882925
       50.337847       59.995290
       48.407873       54.535974
       60.204718       70.000000
       57.820331       65.011782
       55.364271       59.987759
       53.114020       55.092583
       50.520378       50.000000
       62.639973       64.987765
       60.253649       59.987860
       57.934303       54.975849
       55.403610       50.000000
       90.000000       70.000000
       69.986222       70.000000
       65.092337       70.000000
       65.150744       59.977799
       62.786832       54.992492
       60.323196       50.000000
       90.000000       66.789003
       84.797304       70.000000
       79.832568       70.000000
       74.901835       70.000000
       67.445774       64.984892
       67.659079       54.984188
       65.231109       50.000000
      100.000000       60.000000
       95.265532       60.000000
       90.000000       63.201780
       85.344803       64.807903
       81.321775       64.892601
       76.890996       64.932839
       72.211368       64.988019
       70.050508       59.969043
       72.540847       54.980863
       70.144850       50.000000
      100.000000       55.751969
       95.534743       53.985396
       90.000000       60.000000
       91.654822       55.824677
       84.852477       59.701793
       79.952682       59.799157
       74.968987       59.960544
       75.067252       50.000000
      100.000000       50.938481
       86.884342       54.693421
       90.316064       50.834533
       82.338267       54.594626
       77.422554       54.986008
      100.000000       46.324155
      100.000000       28.622056
       96.525615       20.000000
      100.000000       20.000000
       94.954173       48.778390
       85.010324       49.140379
       80.000000       50.000000
      100.000000       41.791592
       94.764756       43.868471
      100.000000       37.317723
      100.000000       32.958603
       94.978289       29.679999
      100.000000       24.520409
       89.728824       45.953839
       84.859593       43.555950
       80.000000       45.337940
       85.702176       10.000000
       90.000000       10.000000
       93.180720       20.000000
       94.767909       39.022759
       94.740780       34.287542
       94.649282       25.207824
       89.732055       40.843048
       80.000000       40.317233
       89.445329       24.972096
       90.000000       14.840721
       90.000000       20.000000
       89.741482       35.639764
       89.972246       30.320841
       84.870479       38.108833
       80.000000       35.169492
       81.365330       10.000000
       84.696517       21.262794
       85.190664       15.913853
       84.952203       32.704664
       85.084544       27.367702
       80.360440       14.936618
       76.758676       10.000000
       80.871251       24.698880
       78.861795       19.846071
       80.000000       30.000000
       75.147748       15.179658
       72.028898       10.000000
       76.014763       25.122755
       74.005642       30.000000
       73.201267       20.209514
       69.939374       15.218602
       67.188619       10.000000
       68.164884       30.000000
       70.588342       25.161912
       67.639859       20.221659
       64.648169       15.196853
       62.308609       10.000000
       57.514660       10.000000
       62.432898       30.000000
       65.030720       25.135161
       62.103426       20.179029
       59.250126       15.170424
       53.007654       10.000000
       59.448494       25.086912
       56.776547       30.000000
       56.551686       20.094622
       53.682260       15.094738
       48.662860       10.000000
       44.126263       10.000000
       42.123853       15.057469
       51.175630       30.000000
       53.889460       25.029251
       50.995372       19.998252
       47.881194       15.077954
       39.281982       10.000000
       48.380220       25.003653
       45.463351       19.992697
       40.041469       19.885687
       34.468074       10.000000
       30.000000       10.000000
       40.000000       40.000000
       45.595776       30.000000
       42.912625       25.004933
       36.218709       15.037548
       30.000000       14.999485
       40.000000       35.017821
       36.134407       40.000000
       40.000000       30.000000
       37.571831       24.891686
       34.828530       19.934532
       34.730673       29.751636
       26.033427       20.000000
       30.000000       20.000000
       35.208637       34.713059
       22.500000       21.650635
       20.000000       20.000000
       32.166901       24.979368
       30.311108       34.880261
       26.834330       25.113376
       32.143273       40.000000
       20.000000       25.858979
       29.519833       30.017431
       24.433629       29.280495
       27.970736       40.000000
       20.000000       30.915425
       25.197328       34.506903
       24.008059       40.000000
       20.000000       35.436972
       20.000000       40.000000
