           198           186           185
           171           185           172
           172           186           199
           172           185           186
           242           243           251
           241           243           242
           233           232           241
           244           251             3
           242           251           244
           225           241           242
           233           241           225
           225           224           233
           225           226           216
           216           224           225
           171           172           158
           187           172           199
           253           248           247
           239           248           240
           240           231           239
           189           175           174
           174           175           160
           161           175           162
           161           160           175
           146           160           161
           250           232             2
           250           241           232
           243           241           250
           242           244           234
           234           225           242
           226           225           234
           198           185           184
           139           152           153
           153           152           166
           151           152           124
           139           138           124
           124           152           139
           165           152           151
           165           179           166
           166           152           165
           215           206           205
           205           214           215
           215           214           224
           215           224           216
           195           215           216
           206           215           195
           205           206           193
           142           141           155
           150           163           164
           149           163           150
           150           136           149
           122           104           121
           121           104           103
           144           158           159
           173           158           172
           172           187           173
           159           158           173
           145           131           130
           145           144           159
           130           144           145
           247           246           252
           247           248           238
           238           246           247
           237           246           238
           238           248           239
           236           246           237
           237           227           236
             7           187           199
           239           231           230
           231           222           230
           249           240           248
           249           253            11
           248           253           249
           204           192           203
           204           212           213
           203           212           204
           177           163           162
           164           163           177
           223           232           233
           233           224           223
           224           214           223
           139           153           154
           151           124           137
           180           153           166
           206           195           180
           195           181           180
           179           193           194
           194           193           206
           166           179           194
           194           180           166
           206           180           194
            46            21            45
            45            21            20
            43            19            18
            18            42            43
            17            42            18
            15            14            40
            41            15            40
             1            36            13
            13            14             1
            13            36            39
            39            40            13
            13            40            14
            82            37            59
            39            36            59
            59            37            39
            64            42            41
           123            83           105
            60            37            82
            82           105            60
            60           105            83
            60            83            61
           156           142           155
            50            27            26
            31            54            32
            55            33            32
            32            54            55
            53            31            30
            54            31            53
            34            35            12
            81           103           104
            56            79            80
            79           103            80
            80            81            58
           103            81            80
           157           156           171
           142           156           157
           171           158           157
           158           144           157
           229           238           239
           237           238           229
           239           230           229
           229           230           220
           246           236           245
            10           252           245
           245           252           246
           221           222           213
           213           212           221
           221           230           222
           212           211           221
           220           230           221
           221           211           220
           164           177           178
           203           192           191
           192           178           191
           191           178           177
           228           218           227
           228           227           237
           237           229           228
           228           229           220
           132           133           118
           148           161           162
           162           163           148
           148           163           149
           147           133           132
           147           132           146
           146           161           147
           161           148           147
           169           156           155
           140           154           168
           167           154           153
           153           180           167
           182           168           167
           167           168           154
           167           180           181
           123           137           106
           106            83           123
           106           137           124
           106           124           138
            21            46            22
            22            46            23
            24            23            47
            23            46            47
            44            20            19
            19            43            44
            45            20            44
            44            43            66
            44            67            45
            66            67            44
            16            15            41
            41            42            16
            42            17            16
            41            40            38
            38            64            41
            39            37            38
            38            40            39
            65            43            42
            42            64            65
            66            43            65
            65            64            87
            89            66            65
            65            87            89
           170           184           185
           170           185           171
           171           156           170
           170           169           183
           156           169           170
            49            26            25
            50            26            49
            49            72            50
            71            72            49
            28            51            29
            28            27            50
            50            51            28
            30            29            52
            52            53            30
            29            51            52
            52            76            53
            52            51            75
            75            76            52
            57            34            33
            33            55            57
            57            55            56
            35            34            57
            56            80            57
            58            35            57
            57            80            58
           142           157           143
           130           129           143
           143           144           130
           143           157           144
            68            67            91
            68            46            45
            45            67            68
            90           110            91
            91            67            90
            90            66            89
            90            67            66
            88            90            89
           110            90            88
           203           191           190
            54            53            77
            53            76            77
            98            97           116
           121           120           135
           135           122           121
           136           122           135
           149           136           135
           102           120           121
           121           103           102
           102           103            79
           134           147           148
           134           148           149
           134           120           133
           133           147           134
           149           135           134
           134           135           120
           226           234           235
           235           217           226
           235           234           244
           216           226           207
           226           217           207
           207           195           216
           207           181           195
           108             4            85
            85           107           108
            89            87           109
            87             4           109
           109            88            89
           138           107            84
            61            83            84
            84            85            61
           107            85            84
            84           106           138
            83           106            84
           125           107           138
           125           138           139
           139           154           125
           125           154           140
           108           107           126
           126           125           140
           107           125           126
            62            38            37
            62            60            61
            37            60            62
            74            97            75
            75            51            74
            74            51            50
            50            72            74
           113           112           129
            94            70            93
            71            70            94
            93           113            94
            94           113           115
           130           131           114
           114           129           130
           114           113           129
           115           113           114
            92            68            91
            69            47            46
            46            68            69
            68            92            69
            69            92            93
            93            70            69
            69            70            47
           141           142           128
           142           143           128
           128           143           129
           129           112           128
           188           189           174
           189           190           176
           162           175           176
           175           189           176
           176           190           191
           176           177           162
           176           191           177
            78            79            56
            54            77            78
            56            55            78
            78            55            54
           100            77            76
           100           117             9
            97            98            99
            99            98           117
           117           100            99
            99           100            76
            75            97            99
            99            76            75
           181           207           208
           208           207           217
           184           170           197
           197           170           183
           183             6           197
            71            49            48
            48            70            71
            48            49            25
            48            25            24
            24            47            48
            47            70            48
            86             4            87
            86            85             4
            61            85            86
            86            62            61
            97            74            73
            73            74            72
           116            97            73
            73            96           116
            91           110             5
             5            92            91
           209           210           200
           218           228           219
           219           209           218
           210           209           219
           211           210           219
           220           211           219
           219           228           220
           202           210           211
           202           211           212
           202           212           203
           203           190           202
           200           210           201
           189           188           201
           201           188           200
           201           190           189
           201           202           190
           210           202           201
           101           100             9
           101           102            79
            79            78           101
           101            78            77
            77           100           101
           181           208           196
           182           167           196
           196           167           181
            87            64            63
            63            86            87
            64            38            63
            38            62            63
            62            86            63
            95            73            72
            95            72            71
            71            94            95
            95            94           115
           111             5           112
            92             5           111
            93            92           111
           111           113            93
           112           113           111
           112             5           127
           141           128           127
           127           128           112
           119           101             9
           102           101           119
             9           118           119
           119           118           133
           133           120           119
           120           102           119
            96            73             8
            73            95             8
             8            95           115
             8           114           131
           115           114             8
