       20.0000000000000000       10.0000000000000000
      100.0000000000000000       10.0000000000000000
      100.0000000000000000       30.0000000000000000
       40.0000000000000000       30.0000000000000000
       40.0000000000000000       50.0000000000000000
       70.0000000000000000       50.0000000000000000
       70.0000000000000000       70.0000000000000000
       40.0000000000000000       70.0000000000000000
       40.0000000000000000       90.0000000000000000
      100.0000000000000000       90.0000000000000000
      100.0000000000000000      110.0000000000000000
       20.0000000000000000      110.0000000000000000
       22.5000000000000000       12.9903810567665783
       20.0000000000000000       16.1714244138212244
       20.0000000000000000       20.8494024550212629
       20.0000000000000000       25.1782540584597569
       20.0000000000000000       29.3159239039557278
       20.0000000000000000       33.6514077706403754
       20.0000000000000000       38.1255711441971386
       20.0000000000000000       42.6197733241322325
       20.0000000000000000       47.0174536602514266
       20.0000000000000000       51.1939761343789641
       20.0000000000000000       55.5300399303397043
       20.0000000000000000       60.1428091332815669
       20.0000000000000000       64.8115538554214083
       20.0000000000000000       69.3449857601606965
       20.0000000000000000       73.6650016336421771
       20.0000000000000000       77.8898909302367599
       20.0000000000000000       82.3354717388547783
       20.0000000000000000       86.9587619329120969
       20.0000000000000000       91.6250846931750687
       20.0000000000000000       96.3087472530469597
       20.0000000000000000      101.1766417635771802
       20.0000000000000000      105.5881994754529245
       24.4871705426319473      110.0000000000000000
       26.1253048184009060       10.0000000000000000
       33.4041101596477077       15.1676132604059308
       30.1015587025494931       20.3310371038901430
       28.1940265169280977       14.8823495518423705
       24.9009805553951473       18.6806417612812155
       25.4282820112266670       24.0238990563953472
       24.9161936157911299       29.8500063959801665
       25.2052753374891765       35.3748121516924598
       25.2083954160856258       40.7670276306322847
       25.0454190595104009       46.1296454900356636
       24.9399584654106228       51.6022128387566212
       24.9295991529152374       57.0935615051102729
       24.9536914044970430       62.6462797206214859
       25.0200710171146241       68.0055626272659310
       24.9031562396387685       73.3668971202418589
       24.9933322590139362       78.6161481379015328
       25.0251696951068219       83.8389636194824845
       25.1269784024783860       89.0056995159519460
       25.1175962475021990       94.0283988347421484
       24.6554531203622531       99.1492266817532197
       28.8336125860717694      101.1572115218061327
       25.1074113484110022      104.9119412013641721
       28.9588272930353661      110.0000000000000000
       31.3101725535045148       10.0000000000000000
       38.9099281106761978       14.9942560612547382
       41.3956299838316610       20.0798359850497974
       35.8961940560526998       19.8229491919575729
       33.1787860636097562       24.5256301397248748
       29.5088409383414074       27.4335452397007380
       30.0524896585428216       32.8134857511261302
       30.1593523973556472       38.2577689558118905
       30.1130488449690539       43.6566904512982532
       29.7921186862075018       48.9289315545221584
       29.7033634823516230       54.4105686846910714
       29.4738682201827373       59.9271942662933554
       29.8068251060691232       65.4122104951319727
       29.7777895762234266       70.8140305140286443
       34.8838396247321043       73.5138687374698208
       29.8989891541344051       75.9623832969218284
       29.9092215751769999       81.1454383194799789
       29.9605840006393720       86.3156070958577146
       30.2516564822388894       91.4154736763764078
       30.0142184257306894       96.1845959052000410
       33.7137070143516482       99.9320652364393140
       30.8297546498413695      105.3697212285167240
       33.9090482630153929      110.0000000000000000
       36.4570177143583862       10.0000000000000000
       44.3278337776243134       15.1128198745484035
       46.9088675117141634       20.2021523295219509
       43.7654967761778408       25.1760262072708159
       38.3334341528647613       24.9636201351924392
       34.8455540702968207       30.0099333845088729
       40.0000000000000000       39.5085149031022738
       35.0322141898042716       35.6393552150160815
       35.0486079710191021       41.1812412163715038
       35.0452889435417703       46.5845340388954909
       34.4298586058452187       51.6897720091609898
       34.2394901002564396       57.4641682489972681
       34.2855196750704536       62.5316560659201457
       34.5030932487484279       68.3598570420092386
       40.0000000000000000       73.9221909118351732
       34.8355929250268517       78.6661675364206445
       40.0000000000000000       81.7828666244291043
       34.8089461692141384       83.8700690772233060
       34.9296792205800486       89.1096797484032521
       35.4304046028649182       94.4323265680434076
       38.3873001742250040       99.6574238231470417
       35.8832289724454299      104.8717332118662142
       38.6877659301790331      110.0000000000000000
       41.7645555433655247       10.0000000000000000
       49.7325264897465047       15.1568636078825829
       49.4524878245062922       25.1417514258342187
       46.0058911927342464       30.0000000000000000
       40.0000000000000000       34.6026088951830459
       40.0000000000000000       44.6755028630552005
       38.4145258891935342       54.9249037509034537
       43.1787449619080235       55.0694161638642328
       39.6831126253148128       59.9903890557556565
       43.1880937845963118       64.9268569403104721
       38.4390944551128939       65.0645791154792335
       40.0000000000000000       77.7346378897828743
       40.0000000000000000       85.9197655866961014
       44.4857825265684355       90.0000000000000000
       40.7066897285325737       94.9304660603799420
       43.3601627641741771       99.9663917323367599
       40.7942313918484416      104.8728567639510629
       43.5087395917522315      110.0000000000000000
       47.0602058439867932       10.0000000000000000
       55.1600898186588537       15.1892586998470875
       55.2552882442501456       25.1025630276838108
       51.8439724457853828       30.0000000000000000
       45.1860819422883040       50.0000000000000000
       48.2066441328829711       55.0144646379257836
       45.1478505792487752       59.9991253530502959
       48.2122564744608653       64.9852925358048878
       45.1865337648725287       70.0000000000000000
       49.1107272131480030       90.0000000000000000
       45.8299439082111846       95.0282438522981749
       48.3545869677036393      100.0092523964021183
       45.8020035519617608      104.9926986291204258
       48.4117361892570273      110.0000000000000000
       52.3573345740409763       10.0000000000000000
       52.5417700866483699       20.2098045608779699
       58.3114828881880527       20.2495666993185033
       57.5220415819908908       30.0000000000000000
       50.3281381346700130       50.0000000000000000
       53.3803588862825720       55.0101550283590157
       50.4225678954763623       59.9995080365299671
       53.3838587071743831       64.9892250032912671
       50.3293285218761994       70.0000000000000000
       53.8366017184349914       90.0000000000000000
       50.8830025328827631       95.0378708786536350
       53.3591268371441885      100.0112938512373262
       50.8072717669862115      104.9909835572470200
       53.3261334253187158      110.0000000000000000
       57.6331137697262719       10.0000000000000000
       60.5403461241906697       15.2648546299830610
       64.2892418690610157       20.2991481632474446
       61.2054465596694257       25.0580272924232332
       55.3957653585155327       50.0000000000000000
       58.6844923717939508       54.9940493993828028
       55.5718980459133221       59.9994576101343640
       58.6864085350152749       65.0053418323148833
       55.3968176338971290       70.0000000000000000
       58.6215358945915952       90.0000000000000000
       55.8964785844124776       95.0363614218328223
       58.3634925184269875      100.0151695796174778
       55.7997644864159312      104.9935119509536321
       58.2433983063583085      110.0000000000000000
       62.8359641104050084       10.0000000000000000
       65.7159122407876453       15.2984304929257995
       67.3827518569131314       24.9674238685835270
       62.9516378258393701       30.0000000000000000
       60.3491217855953153       50.0000000000000000
       64.1516099718720483       54.9680891348893610
       60.5289007035761983       59.9995512179125328
       64.1522226889675267       65.0315199642986101
       60.3496982228594518       70.0000000000000000
       63.4350251362125590       90.0000000000000000
       60.8845991056035984       95.0364487247370135
       63.3721507674298223      100.0158311360996208
       60.7871524083770751      104.9931420856583770
       63.1534835306415729      110.0000000000000000
       67.9737161259726008       10.0000000000000000
       70.5478013878240517       20.1867660575046095
       73.6857414906708641       24.9595162493145502
       67.9331236205550937       30.0000000000000000
       65.0764759243746624       50.0000000000000000
       70.0000000000000000       56.6068411598052421
       65.0572731307881327       59.9997790412201013
       70.0000000000000000       63.3928101405970921
       65.0766550463296198       70.0000000000000000
       68.2552138221211777       90.0000000000000000
       65.8612249426272598       95.0375563454700654
       68.3931697209996941      100.0146496174205026
       65.7733495076219441      104.9888030846894225
       68.0453728269882276      110.0000000000000000
       73.2197371000244601       10.0000000000000000
       70.5739358777754830       15.0256780572256208
       76.8577306975466996       20.2788170735063566
       72.7320640131147229       30.0000000000000000
       70.0000000000000000       53.4011490129052646
       70.0000000000000000       59.9998270049235387
       70.0000000000000000       66.5987247347274121
       73.0614274439021187       90.0000000000000000
       70.8365679386704414       95.0418844495921320
       73.4389847302987704      100.0129885623010324
       70.7621698724703663      104.9806605232087264
       72.9055069112172163      110.0000000000000000
       78.3891904908658290       10.0000000000000000
       75.4207085654216201       15.2730471702179642
       79.8311695129799546       25.0145037046129808
       77.7814539370821478       30.0000000000000000
       77.8298403355112498       90.0000000000000000
       75.8173301607792212       95.0507327779899640
       78.5278299330821454      100.0112725527362869
       75.7569796041903345      104.9682728694996996
       77.7148892128130768      110.0000000000000000
       83.6366087110615979       10.0000000000000000
       80.5707876175615070       15.2784085847500375
       83.0258178027573734       20.2501401027791204
       83.2346246812214616       30.0000000000000000
       82.5295595153127124       90.0000000000000000
       80.8053691004027570       95.0644293015223241
       83.6864341141872359      100.0094210475578365
       80.7578554960137893      104.9513810843854458
       82.4460170208502774      110.0000000000000000
       88.9709122691472345       10.0000000000000000
       85.8830234495951856       15.3042204194630198
       89.2970446227684249       20.1178243312424954
       85.7895943766471447       24.9328533309991585
       87.1191334074630817       90.0000000000000000
       85.7910700277298872       95.0842199274701443
       88.9556062799492793      100.0075803449117018
       85.7539786305923286      104.9282499182753838
       87.0599597018757976      110.0000000000000000
       94.6687224848741096       10.0000000000000000
       91.0131521349315591       14.6975768725208020
       91.4577451112359370       25.4797189338093375
       88.7962627301603220       30.0000000000000000
       91.5576933161806181       90.0000000000000000
       90.7354357630022719       95.0967522710291462
       94.3760134165586777      100.0152251854876795
       90.7057294671604808      104.9147111050603485
       91.5195138490375939      110.0000000000000000
       95.1801782783824706       16.5199846944186746
       95.0278395600842174       22.1497765479312889
      100.0000000000000000       19.8822285541817152
       94.6878530654904580       30.0000000000000000
       95.7989811848504189       90.0000000000000000
       95.5287595065632757       95.1666044895232943
      100.0000000000000000       99.9936463613780830
       95.5126238740676854      104.8596187305745815
       95.7861326792153278      110.0000000000000000
      100.0000000000000000       14.6926568646604814
      100.0000000000000000       25.1352503104332250
      100.0000000000000000       94.9697894876241833
      100.0000000000000000      105.0210839956513382
