            26            25            35
             8             7             2
            26            35            36
           193           192           196
            44            36            35
            54            44            53
             6             8             2
             1             3             4
            11             6             5
             8             6            11
           190           195           191
           193           196           197
           187           196           192
           177           185           178
           190           183           189
           192           188           186
           179           187           186
           186           187           192
           140           136           137
            36            44            45
            54            46            45
            45            44            54
            97            93            92
            92            93            86
            92            86            91
            91            86            85
            21            29            22
            19            18            23
            22            29            23
            23            18            22
           198           197           200
           199           197           196
           201           200           199
           199           200           197
           194           197           198
           194           198           195
           194           195           190
           190           189           194
           193           197           194
           194           189           193
           184           191           185
           185           177           184
           190           191           184
           177           176           184
           184           183           190
           184           176           183
           181           188           180
           180           188           192
           180           192           193
           193           189           180
           108           106           116
           110           109           103
           117           109           110
           132           126           125
           125           117           120
           134           129           128
           135           136           140
           140           141           135
           131           124           126
           136           124           131
           131           137           136
           131           126           132
           132           137           131
           140           137           142
           145           151           150
            69            70            59
            62            70            73
            54            53            62
            27            21            20
            34            35            25
           102           106           108
            68            67            79
            68            58            57
            57            67            68
            87            86            93
            89            88            94
            90            91            85
            90            89            94
            92            91            96
            13            18            19
             7             8            12
             8            11            12
            12            13             7
            18            13            12
            14            20            15
            20            21            15
            15            21            22
            22            16            15
            10             4             3
            10            16            11
             5             4            10
            10            11             5
            30            23            29
            57            58            49
            57            49            56
            56            49            48
            29            21            28
            28            27            37
            21            27            28
           183           176           175
           108           116           107
           120           112           114
           112           107           114
           114           107           116
           128           129           121
           118           109           117
           118           125           126
           117           125           118
           111           112           120
           120           117           111
           117           110           111
           132           125           127
           127           125           120
           144           142           138
           138           142           137
           138           137           132
           136           135           130
           123           124           130
           130           124           136
           140           142           146
           146           141           140
           146           145           141
           151           145           146
           149           142           144
           151           146           149
           149           146           142
            70            69            81
            73            70            81
            80            88            81
            81            69            80
            52            41            51
            42            41            52
            42            34            32
            42            32            33
            33            41            42
            61            71            72
            55            64            65
            65            56            55
            55            56            48
            65            64            75
            70            62            60
            59            70            60
            53            52            60
            60            62            53
            60            51            59
            52            51            60
           106           102           101
            92            96           101
           101           102            97
           101            97            92
            65            75            74
            74            75            84
            85            77            76
            76            90            85
            76            74            84
            77            74            76
            84            89            76
            89            90            76
            78            87            79
            79            67            78
            86            87            78
            85            86            78
            78            77            85
            67            77            78
            82            89            84
            72            71            82
            82            75            72
            84            75            82
            91            90            95
            95            96            91
            95            90            94
            95            99            96
            18            12            17
            22            18            17
            17            16            22
            11            16            17
            17            12            11
            16            10             9
            14            15             9
             9            15            16
             9             3            14
             9            10             3
            39            30            29
            29            28            39
            24            30            31
            19            23            24
            23            30            24
            50            49            58
            31            30            40
            40            50            31
            49            50            40
            48            49            40
            40            39            48
            30            39            40
            66            77            67
            66            67            57
            57            56            66
            66            74            77
            66            56            65
            65            74            66
           183           175           182
           182           189           183
           182           180           189
           181           180           182
           122           114           116
           122           121           129
           128           121           113
           132           127           133
           133           138           132
           134           138           133
           129           134           133
           133           127           129
           139           143           144
           144           138           139
           139           138           134
           162           159           164
           151           149           154
           163           162           168
           164           167           168
           168           162           164
           171           176           177
            34            42            43
            35            34            43
            43            52            53
            43            42            52
            43            44            35
            43            53            44
            71            61            63
            54            62            63
            63            46            54
            63            61            46
            73            71            63
            63            62            73
            64            55            47
            38            55            48
            48            39            38
            38            39            28
            38            28            37
            37            47            38
            38            47            55
            89            82            83
            88            89            83
            83            71            73
            83            82            71
            73            81            83
            83            81            88
           104            99            98
            98            95            94
            99            95            98
            94            88            98
            98            88            80
           105            99           104
           104           113           105
           105           113           121
           175           170           174
           181           182           174
           174           182           175
           119           127           120
           120           114           119
           114           122           119
           129           127           119
           119           122           129
           157           162           163
           150           151           156
           156           157           150
           162           157           156
           159           162           156
           151           154           156
           156           154           159
           159           154           153
           163           168           173
           172           177           178
           178           173           172
           172           173           168
           172           168           167
           172           171           177
           167           171           172
           121           122           115
           115           105           121
           115           116           106
           115           122           116
           160           167           164
           148           154           149
           148           153           154
           148           149           144
           144           143           148
           148           143           147
           147           153           148
           169           170           175
           169           166           170
           169           175           176
           176           171           169
            99           105           100
           105           115           100
            96            99           100
           100           115           106
           106           101           100
           100           101            96
           164           159           158
           158           160           164
           159           153           158
           166           169           165
           161           166           165
           165           160           161
           167           160           165
           165           171           167
           165           169           171
           152           153           147
           152           158           153
           160           158           155
           158           152           155
           161           160           155
