       20.000000       10.000000
       35.557140       10.000000
       40.000000       10.000000
       30.886750       10.000000
       25.764371       10.000000
       22.500000       12.990381
       40.000000       14.230591
       34.501588       14.615544
       28.187310       14.173736
       30.595324       17.718584
       20.000000       16.253210
       40.000000       18.399990
       35.245212       19.739611
       20.000000       21.107574
       24.996915       18.357821
       40.000000       22.939095
       34.848915       24.518237
       29.788772       21.992682
       24.875177       23.528924
       20.000000       26.055001
       40.000000       27.426747
       34.947867       34.072653
       34.932953       29.289906
       29.849085       26.681910
       24.925398       28.569596
       40.000000       32.035525
       29.920088       31.446794
       20.000000       30.979731
       40.000000       36.706591
       29.940706       36.256484
       24.956336       33.519175
       20.000000       35.878386
       29.958114       41.083124
       34.959494       38.858777
       24.968511       38.424122
       20.000000       40.755037
       40.000000       41.420110
       34.969996       43.653419
       29.973354       45.920543
       24.981324       43.300085
       20.000000       45.607449
       24.047788      110.000000
       20.000000      110.000000
       40.000000       46.163473
       34.978151       48.458507
       24.993353       48.155642
       20.000000       50.433994
       28.014913      110.000000
       20.000000      105.664307
       40.000000       50.926828
       29.986382       50.769382
       25.006118       52.995187
       20.000000       59.992198
       20.000000       55.231070
       32.096319      110.000000
       29.611172      104.849685
       24.824138      104.906058
       24.294762       95.133217
       20.000000      101.380116
       20.000000       97.115934
       20.000000       64.706117
       34.983418       53.274318
       40.000000       55.701545
       25.043877       62.621366
       29.998235       55.636471
       25.021259       57.819005
       34.687679      104.881990
       36.179553      110.000000
       40.000000      110.000000
       30.625789      100.109362
       25.416264      100.043478
       20.000000       92.261902
       20.000000       87.871210
       20.000000       82.959687
       20.000000       78.683401
       20.000000       73.930974
       20.000000       69.356342
       34.985054       58.100495
       40.000000       60.478714
       30.009534       60.536241
       40.000000      105.005355
       35.509437      100.096507
       28.808457       95.134932
       25.459231       90.265451
       24.325231       85.450518
       30.028756       65.496649
       25.083314       67.379709
       25.875146       80.834799
       24.654047       76.625584
       25.141471       72.037158
       40.000000       65.247451
       34.981374       62.934865
       50.000000      100.000000
       46.732400      100.000000
       43.230788      100.000000
       40.000000      100.000000
       38.708244       95.193442
       33.633094       95.231363
       30.822074       90.232526
       29.081586       85.563274
       30.059694       70.561889
       31.427902       80.860932
       29.679930       75.824176
       34.984773       67.772876
      100.000000      110.000000
       50.000000       95.110809
       44.031992       95.357533
       35.786245       90.455131
       34.202081       85.278017
       34.895552       72.592823
       34.816300       77.127620
       40.000000       70.000000
      100.000000      105.710577
       95.932185      110.000000
       45.910651       91.574376
       41.007117       90.635579
       39.099822       86.212688
       37.616894       80.733765
       91.947887      110.000000
       39.942016       75.078808
       44.747995       70.000000
       95.192346      105.019454
      100.000000       97.348495
      100.000000      101.499826
       95.621236       95.580009
       50.000000       60.000000
       50.000000       63.308924
       50.000000       90.000000
       54.602971       77.915532
       54.898021       90.000000
       45.103523       86.873153
       43.276122       78.467862
       42.210950       82.860319
       87.874722      110.000000
       83.801504      110.000000
       80.000000      110.000000
       90.369336      104.899548
       50.000000       66.734513
       45.866416       74.201022
       94.503990      100.302828
      100.000000       92.634943
       70.000000       60.000000
       55.072192       60.000000
       55.111670       64.589704
       50.931244       85.881316
       49.024849       78.028840
       56.673078       85.312134
       47.386228       82.322793
       85.267669      104.928684
       80.000000      104.998320
       89.173737      100.230037
       76.758908      100.000000
       51.803141       73.898709
       50.000000       70.000000
       90.978781       95.533637
      100.000000       88.320356
       64.993879       60.000000
       59.951828       60.000000
       59.843798       90.000000
       53.048581       81.861752
       84.289794      100.128911
       80.000000      100.000000
       85.925880       95.371273
       75.377393       94.816621
       73.309021      100.000000
       70.000000      100.000000
       57.353506       74.420375
       55.338627       69.503832
       94.538834       90.848686
       95.778699       86.116455
       89.155872       90.776836
       70.000000       63.341325
       64.540262       63.911320
       59.668065       65.387340
       64.856824       90.000000
       70.000000       90.000000
       61.796385       85.225643
       58.881588       80.450251
       80.709285       95.154307
       84.005390       90.528590
       70.000000       94.910431
       61.885172       76.111513
       60.450699       70.583174
      100.000000       79.025879
      100.000000       83.411348
       91.210911       86.113590
       86.410869       85.799450
       70.000000       66.608435
       64.721540       68.050344
       67.014610       85.304478
       72.049100       84.977461
       64.262681       80.733080
       79.060685       90.224765
       74.393443       89.970754
       67.390269       76.470941
       65.589505       72.521462
       95.792944       76.935537
       94.550443       81.396686
       89.444019       81.180705
       81.554049       85.460336
       84.261898       80.782048
       70.000000       70.000000
       69.657591       80.523838
       76.757092       85.002690
       71.931503       74.898607
      100.000000       74.068293
       91.334112       76.212623
       94.979269       72.073942
       86.839977       76.314983
       79.271707       80.301681
       74.954175       70.000000
       74.449158       79.778113
      100.000000       69.459547
       89.877656       70.969061
       81.616422       75.713955
       84.843039       71.977151
       76.978694       74.900201
       94.838799       67.525977
      100.000000       64.868578
       85.097745       67.471786
       80.000000       70.000000
      100.000000       60.180202
       94.958939       62.779765
       89.995575       65.714181
       80.000000       65.221109
      100.000000       55.455701
       94.965677       57.980850
       89.999148       60.676913
       85.030899       62.787508
       80.000000       60.425816
      100.000000       50.706200
       94.976151       53.166195
       89.993777       55.728446
       85.020645       58.016794
       80.000000       55.629007
       94.980172       48.343456
       89.993300       50.829183
       85.010198       53.207525
       80.000000       50.829465
      100.000000       45.945622
       94.980338       43.513997
       89.994037       45.948104
       85.008556       48.381470
       80.000000       46.033895
       89.994971       41.065511
      100.000000       41.186301
       85.010630       43.545801
       80.000000       41.249675
      100.000000       31.733371
       94.976254       38.676374
      100.000000       36.442437
       85.016618       38.701552
      100.000000       27.088723
       94.967026       33.827840
       89.995897       36.163274
       85.027415       33.847048
       80.000000       36.487878
       94.925599       24.096339
       94.950083       28.966329
       89.996713       31.219024
       80.000000       31.765825
      100.000000       22.552901
       89.997912       21.046367
       89.997419       26.198216
       85.045624       28.980604
       80.000000       27.111785
      100.000000       18.198323
       94.870113       19.248179
      100.000000       14.042853
      100.000000       10.000000
       85.071169       24.106835
       80.000000       22.569219
       94.904112       14.530249
       95.025351       10.000000
       85.126810       19.255983
       89.996077       15.658620
       80.000000       18.209441
       90.003329       10.000000
       85.088907       14.534463
       84.980520       10.000000
       80.000000       14.048095
       80.000000       10.000000
