            42            43            18
            57            43            42
            53            39            38
            54            39            53
            37            53            38
           160           188           174
           174           175           160
           239           218           238
           238           218           217
           202           203           188
           217           203           202
           290           276             4
            40            39            55
            55            39            54
            40            55            41
            41            55            56
            57            42            41
            41            56            57
            57            56            76
            76            56            75
            54            53            72
            94            93           111
            94           112            95
            78            77            99
           159           158           172
           158           157           172
           145           158           159
            51            50            70
            51            37            36
            36            35            51
            51            35            50
           186           187           173
           159           172           173
           173           172           186
           214           215           201
           197           198           183
           171           157           170
           186           172           171
           171           172           157
           295           288           287
           289           295            13
           288           295           289
           257           275            15
           250           229           228
           249           250           228
           101           118           119
           164           151           150
           136           123           122
            61            83            62
            62            83            63
            70            69            91
             8            91           110
           124           123           138
           239           238             3
             3           238           258
             3           260           239
             3           259           260
           217           218           204
           204           203           217
           204           190           203
           204           218           219
           219           190           204
           189           174           188
           188           203           189
           175           174           189
           203           190           189
             2           258           237
           258           238           237
           277           259           276
           276           290           277
           260           259           277
           205           190           219
           191           190           205
           193           192           206
           179           192           193
           152           151           166
           152           139           138
           165           151           164
           166           151           165
           228           229           209
           209           195           208
           196           195           210
           210           209           229
           195           209           210
           208           195           194
           194           193           208
           179           193           194
            97            76            75
            77            76            97
            58            43            57
            57            76            58
            92           111            93
            92            91             8
            73            93            94
            94            95            73
            73            72            93
            54            72            73
           131           117           130
            34            35            36
            19            49            34
            50            35            34
            34            49            50
            53            37            52
            37            51            52
            52            72            53
            52            51            70
           285            12           294
           294           295           287
           271           253           252
           273           253           272
           272           288           273
           253           271           272
           287           288           272
           182           168           167
           155           169           170
           167           168           153
           139           152           153
           166           167           153
           153           152           166
           184           171           170
           184           183           198
           170           169           184
           169           183           184
           200           199           214
           200           187           186
           200           201           187
           214           201           200
           214           199           213
           273           288           274
           288           289           274
           256           257           236
           255           275           256
           275           257           256
           269           249           268
             7           250           269
           250           249           269
             1            80            59
            80            81            59
            59            60             1
            81            60            59
            61            81            82
            82            83            61
           104            83            82
            80           101           102
           102            81            80
           102           101           119
           102            82            81
           146           147           132
           146           132           118
           146           118           188
           146           188           160
           163           149           148
           132           147           133
           119           118           133
           118           132           133
            31            47            32
            32            30            31
            33            26            32
            32            47            33
           136           150           137
           137           150           151
           137           123           136
           138           123           137
           137           152           138
           151           152           137
           107           122           123
           107           108            88
           123           124           107
           107           124           108
            85            63            84
            63            83            84
            84           105            85
            29            30            27
            27            44            29
            28            81            61
            28            60            81
            61            62            28
            28            62            44
            46            62            63
            46            47            31
            21            87            66
            50            49            68
            70            50            68
            68            69            70
           122           107           106
            88            87           106
           106           107            88
            33            47            48
            86            65            85
            85           105            86
            86           105            25
            93            72            71
            71            92            93
            91            92            71
            72            52            71
            70            91            71
            71            52            70
            90            91            69
            90           110            91
           108           124           109
           109            90           108
           110            90           109
           175           189           176
           176           189           190
           191           177           176
           176           190           191
             2           237           216
           217           202           216
           216           238           217
           216           237           238
           242           220           241
           239           260           240
           240           218           239
           260           241           240
           240           241           220
           219           218           240
           221           220           242
            23           205           219
           219           240            23
            23           240           220
           220           221            23
           178           192           179
           179           165           178
           178           165           164
           181           194           195
           181           195           196
           196           182           181
           181           182           167
           180           167           166
           179           194           180
           180           181           167
           194           181           180
           166           165           180
           180           165           179
           114            97            96
            75            95            96
            96            97            75
            17            76            77
            17            58            76
            17            77            78
             8           110           126
           110           109           126
            54            73            74
            74            55            54
            74            95            75
            74            73            95
            75            56            74
            56            55            74
           142           127           141
            99           100            79
            16            78            79
            78            99            79
           117           100           116
           130           117           116
           116           100            99
           116           115           130
           251           271           252
           270           271           251
           286           272           271
           286           270           285
           286           271           270
           285           294           286
           286           294           287
           287           272           286
           154           153           168
           140           139           154
           139           153           154
           185           200           186
           199           200           185
           186           171           185
           171           184           185
           198           199           185
           185           184           198
            10           231           252
           212           199           198
           212           213           199
           212           198           197
           197           211           212
           247           267             6
           207           193           206
           208           193           207
           248           226           247
           248           249           228
           247             6           248
           268           249           248
           248             6           268
            14           275           255
           255           273            14
           273           274            14
           235           256           236
           235           236           215
           235           215           214
           214           213           235
           160           175           161
           161           146           160
           147           146           161
           161           148           147
           147           148           134
           134           133           147
           134           148           149
            24            83           104
            24            84            83
           105            84            24
            24           104           121
            62            46            45
            44            62            45
            45            29            44
            30            29            45
            31            30            45
            45            46            31
            20            68            49
            65            48            64
            64            63            85
            85            65            64
            64            48            47
            64            46            63
            47            46            64
           125           124           138
           125           109           124
           138           139           125
           125           126           109
           125           139           140
           140           126           125
           162           176           177
           162           177           163
           163           148           162
           148           161           162
           175           176           162
           162           161           175
           278           277           290
           222           221           242
           222           244           223
           224            22           223
           223           244           224
           113           114             9
           114            96             9
             9            95           112
             9            96            95
           156           142           141
           156           155           170
           141           155           156
           170           157           156
           158           145           144
           145           131           144
           144           131           130
           128           115           114
           128           114           113
           113           127           128
           127           142           128
           115           116            98
           114           115            98
            98            99            77
            98           116            99
            77            97            98
            98            97           114
           230           251           252
           252           231           230
           230           231            11
           254           273           255
           254           253           273
           284           293             5
             5           267           284
           206            22           225
           225           207           206
           226           207           225
           228           209           227
           227           248           228
           227           209           208
           208           207           227
           227           207           226
           226           248           227
           234           235           213
           234           254           255
           255           256           234
           256           235           234
           135           134           149
           104            82           103
           103           102           119
            82           102           103
            67            20            66
            67            87            88
            67            66            87
           277           278           261
           260           277           261
           261           241           260
           243           222           242
           244           222           243
           143           156           157
           142           156           143
           143           157           158
           158           144           143
           115           128           129
           129           128           142
           142           143           129
           129           143           144
           130           115           129
           129           144           130
           233           211            10
           233           212           211
           254           234           233
           213           212           233
           233           234           213
           281           280           292
           263           280           281
           292           282           281
           281           282           265
           244           243           264
           264           243           263
           263           281           264
           264           281           265
           266           267           247
           133           134           120
           119           133           120
           120           103           119
           120           135           121
           134           135           120
           121           104           120
           104           103           120
            88           108            89
            89            67            88
           108            90            89
            89            90            69
            20            67            89
            69            68            89
            68            20            89
           279           278           291
           279           261           278
           291           280           279
           279           280           263
           232           233            10
           254           233           232
           253           254           232
           252           253           232
           232            10           252
           283           282           293
           265           282           283
           283           266           265
           267           266           283
           283           284           267
           293           284           283
            22           224           246
           247           226           246
           246           266           247
           246           225            22
           226           225           246
           262           279           263
           263           243           262
           241           261           262
           261           279           262
           242           241           262
           262           243           242
           244           264           245
           245           224           244
           245           246           224
           245           264           265
           265           266           245
           266           246           245
