       30.0000000000000000       10.0000000000000000
       90.0000000000000000       10.0000000000000000
       90.0000000000000000       20.0000000000000000
      100.0000000000000000       20.0000000000000000
      100.0000000000000000       60.0000000000000000
       90.0000000000000000       60.0000000000000000
       90.0000000000000000       70.0000000000000000
       40.0000000000000000       70.0000000000000000
       40.0000000000000000       90.0000000000000000
       80.0000000000000000       90.0000000000000000
       80.0000000000000000       80.0000000000000000
      100.0000000000000000       80.0000000000000000
      100.0000000000000000      100.0000000000000000
       90.0000000000000000      100.0000000000000000
       90.0000000000000000      110.0000000000000000
       30.0000000000000000      110.0000000000000000
       30.0000000000000000      100.0000000000000000
       20.0000000000000000      100.0000000000000000
       20.0000000000000000       60.0000000000000000
       30.0000000000000000       60.0000000000000000
       30.0000000000000000       50.0000000000000000
       80.0000000000000000       50.0000000000000000
       80.0000000000000000       30.0000000000000000
       40.0000000000000000       30.0000000000000000
       40.0000000000000000       40.0000000000000000
       20.0000000000000000       40.0000000000000000
       20.0000000000000000       20.0000000000000000
       30.0000000000000000       20.0000000000000000
       22.5000000000000000       21.6506350946109620
       20.0000000000000000       25.8589789997151236
       20.0000000000000000       30.9154250994904061
       20.0000000000000000       35.4369719890543138
       24.0080590676024741       40.0000000000000000
       20.0000000000000000       63.8927400112141868
       20.0000000000000000       68.2008511740709480
       20.0000000000000000       72.2455319138513801
       20.0000000000000000       76.1750593895215218
       20.0000000000000000       79.9251551039991739
       20.0000000000000000       83.7565025519058253
       20.0000000000000000       87.7962897448678348
       20.0000000000000000       91.6434677459554479
       20.0000000000000000       95.6394090823813627
       23.5011434273498345      100.0000000000000000
       26.0334267696303954       20.0000000000000000
       26.8343304695323326       25.1133760075334642
       24.4336292088506042       29.2804953628739391
       25.1973280788391207       34.5069030157561940
       27.9707356510617799       40.0000000000000000
       24.8021763038488885       60.0000000000000000
       24.5318666834818835       65.6000464827572927
       25.1192318583529861       70.5649221782909990
       30.2196714340741046       73.1748133088819941
       25.1337866344508498       75.3792171533349062
       25.0491617460344607       80.2202694016335869
       24.9411237983319829       85.1120358155757089
       25.4652375366712604       90.1701334574764104
       24.8388790090373064       94.7840643502546811
       26.7533007028781782      100.0000000000000000
       34.4680735742656168       10.0000000000000000
       30.0000000000000000       14.9994846913032251
       34.8285296324690918       19.9345316654485032
       32.1669010233583563       24.9793675889727460
       29.5198330483980591       30.0174309030593953
       30.3111076383119276       34.8802611623912995
       32.1432730571993019       40.0000000000000000
       30.0000000000000000       55.0312867744044638
       33.8692510431015634       54.9350531381343572
       28.4854129485848730       64.0864073443811719
       33.3643281711438178       64.8324020606213054
       29.8307253890450887       68.6406398411246670
       35.0197203632204648       75.3992387337282679
       30.0908637159321657       77.8644926546674725
       30.0927097781355570       82.5111675071646289
       29.7363010931138234       86.9414208605925438
       31.2596705210593768       90.9254593148426835
       29.5239400258990621       94.9048442615499113
       34.0797282360271652      101.2058144189870603
       30.0000000000000000      105.2167472441466032
       34.2413310589444251      110.0000000000000000
       39.2819820283191987       10.0000000000000000
       36.2187088469560337       15.0375483732483683
       40.0414686607634778       19.8856866418339564
       37.5718310815969261       24.8916861408151249
       34.7306730233861316       29.7516361955759976
       35.2086372047318648       34.7130592880589646
       36.1344073931125251       40.0000000000000000
       35.0978005073776771       50.0000000000000000
       38.2697691785825498       55.1747498550578683
       35.1711673631883741       59.9433910012255851
       37.8841585354587167       64.9416676286434722
       35.0399043114849960       70.1068907482480341
       40.0000000000000000       73.9136750379532828
       34.9860345630909109       80.6278985603121470
       40.0000000000000000       82.2567887440461476
       34.9116866195988180       85.8879996050192602
       35.7757067299469824       91.1187878842405610
       34.6167909139983081       96.0307380081005419
       38.4989163840742421      100.0838918489500884
       35.5900725536725133      105.4591766712906775
       38.9529075573640355      110.0000000000000000
       44.1262629331317413       10.0000000000000000
       42.1238531514005672       15.0574694934376776
       45.4633507385234807       19.9926969507449037
       42.9126246991573268       25.0049326206407549
       40.0000000000000000       35.0178209817481374
       40.0478743600506348       50.0000000000000000
       42.7454356219440896       54.3694543681743880
       40.3449476095170638       60.0722662448029396
       45.3973461324522063       62.1527176903231506
       42.5457978692494549       65.5793489757509747
       40.0000000000000000       78.0851305577984789
       40.0000000000000000       86.1632475641220310
       44.1579119023692144       90.0000000000000000
       40.1028745610362378       95.0513324587793846
       43.2067809431339569       99.9146057751652421
       40.6276381222779506      104.9562372327810920
       43.5636208496939830      110.0000000000000000
       48.6628595646729920       10.0000000000000000
       47.8811942670355677       15.0779542961000868
       48.3802198901801361       25.0036525379798960
       45.5957755065593133       30.0000000000000000
       45.3591503655085617       50.0000000000000000
       48.4078731091025958       54.5359738972169694
       45.2625876775307461       57.9478476876872364
       48.3182031144562174       65.5485630668970032
       45.2574299044149058       70.0000000000000000
       48.5960667328551423       90.0000000000000000
       45.2566177876130880       94.9701558168897861
       48.0027092086543163       99.9562723301022942
       45.5376299832516409      104.9539213328917384
       48.2497444776137527      110.0000000000000000
       53.0076538366408272       10.0000000000000000
       50.9953722554586548       19.9982516650002715
       53.8894603120827327       25.0292513679709394
       51.1756298710567918       30.0000000000000000
       50.5203776044769342       50.0000000000000000
       53.1140198219388111       55.0925833759803751
       50.3378470904451447       59.9952897422896356
       53.0155673701954981       64.8829254001078510
       50.4453978530325742       70.0000000000000000
       53.1587323766307520       90.0000000000000000
       50.2929281918616837       95.0224997460029215
       52.8579478992196385       99.9935743953661671
       50.4163330784604042      104.9719589388731009
       52.9849723629872784      110.0000000000000000
       57.5146604902424841       10.0000000000000000
       53.6822602034256846       15.0947381542354933
       56.5516863310007238       20.0946223877463588
       59.4484944520063365       25.0869122231184463
       55.4036098678307667       50.0000000000000000
       57.9343028494152890       54.9758489775506050
       55.3642710723161358       59.9877591238650325
       57.8203312911963110       65.0117815330636262
       55.3039481416158196       70.0000000000000000
       57.7809735403436875       90.0000000000000000
       55.2465816792078996       95.0334141412953386
       57.7273028346458830      100.0018256691341634
       55.2861240616165119      104.9845962834239543
       57.7454141773565155      110.0000000000000000
       62.3086086258834584       10.0000000000000000
       59.2501264641770291       15.1704235836571559
       62.1034258357469184       20.1790285911853609
       56.7765473601766573       30.0000000000000000
       60.3231963600084597       50.0000000000000000
       62.7868319934584775       54.9924923692847898
       60.2536494081575782       59.9878597445290040
       62.6399733215012091       64.9877652371610282
       60.2047180327270439       70.0000000000000000
       62.4143409309369090       90.0000000000000000
       60.1689065203108058       95.0346786482324291
       62.6012964191054380       99.9988422330066982
       60.1491265938276385      104.9850195789950362
       62.5100347694058627      110.0000000000000000
       67.1886194615288588       10.0000000000000000
       64.6481693143944227       15.1968526208194614
       65.0307203319188289       25.1351607602103400
       62.4328978419220491       30.0000000000000000
       65.2311093763417631       50.0000000000000000
       67.6590794259133901       54.9841882434578579
       65.1507438740281373       59.9777991904750891
       67.4457737576059202       64.9848919868962014
       65.0923373928664120       70.0000000000000000
       67.0138552367670428       90.0000000000000000
       65.1001529874322387       95.0308977682196030
       67.4737806596703820       99.9815846158818857
       65.0112385339841978      104.9798100581678710
       67.2622224598271572      110.0000000000000000
       72.0288984808236421       10.0000000000000000
       67.6398585838068271       20.2216587153528948
       70.5883420951676754       25.1619122823647103
       68.1648837433911439       30.0000000000000000
       70.1448504299059010       50.0000000000000000
       72.5408469215885390       54.9808632649259579
       70.0505081072888913       59.9690426936303069
       72.2113683633305641       64.9880190494450432
       69.9862221118971348       70.0000000000000000
       71.5228895833001275       90.0000000000000000
       70.0826118402299016       95.0120377177857733
       72.3316559012657052       99.9294684650608502
       69.8768378625401851      104.9593987903006109
       71.9786144034151363      110.0000000000000000
       76.7586757428070001       10.0000000000000000
       69.9393743363083900       15.2186017110386747
       73.2012671022089734       20.2095139551564671
       74.0056420850300043       30.0000000000000000
       75.0672520781527339       50.0000000000000000
       77.4225538298768043       54.9860081419809106
       74.9689868929042689       59.9605437764906952
       76.8909957538513282       64.9328393196804967
       74.9018347001155149       70.0000000000000000
       75.8589193318650103       90.0000000000000000
       75.1688462714000707       94.9331213520417663
       77.1102108284483307       99.8665663312414154
       74.7451797058234462      104.9404612079100474
       76.6365788498184912      110.0000000000000000
       81.3653297060734673       10.0000000000000000
       75.1477481217642378       15.1796582194717935
       78.8617950178722964       19.8460713047584036
       76.0147625956550854       25.1227551751127187
       85.0845443637110321       27.3677017254417727
       80.0000000000000000       35.1694922143454178
       80.0000000000000000       40.3172325340281930
       80.0000000000000000       45.3379402689354620
       84.8595930408920225       43.5559497793406720
       82.3382665288975630       54.5946263039340494
       86.8843419255151019       54.6934214777315191
       79.9526824450186666       59.7991566026326922
       81.3217752931552837       64.8926008378571311
       79.8325681752894241       70.0000000000000000
       83.8706191352001866       80.0000000000000000
       80.0000000000000000       84.9847845852833075
       84.4219236947183163       90.6170436621054591
       80.3801602109249416       94.9675497477473840
       81.7774097009136511       99.8805259414104114
       79.6357589759946052      104.8915776881666773
       81.1842540698071531      110.0000000000000000
       85.7021760074704417       10.0000000000000000
       80.3604404723544405       14.9366176978330607
       85.1906639074025378       15.9138531122281908
       80.8712506936251714       24.6988800468742085
       89.4453291001459547       24.9720960392810447
       84.9522027868268736       32.7046636192174631
       89.7414824051123787       35.6397642307945830
       84.8704790441341004       38.1088328860225189
       89.7288239203655564       45.9538385233933724
       85.0103235759147822       49.1403787298473560
       91.6548221439929023       55.8246768324950295
       84.8524769754627499       59.7017929142039492
       85.3448027052376688       64.8079027077249208
       84.7973044760547765       70.0000000000000000
       87.8947818111402910       80.0000000000000000
       85.1444694203463257       85.3687991480453547
       89.0514129435991322       90.0482328295611580
       85.8304663971234589       95.5314293982703759
       85.9711306061559526      100.8697206893974254
       84.5964320686782543      105.3352612156739809
       85.7867286157725317      110.0000000000000000
       90.0000000000000000       14.8407210940212195
       93.1807204769650781       20.0000000000000000
       84.6965171022149548       21.2627943378558868
       94.9782894862844103       29.6799987514957202
       89.9722463908496906       30.3208405013119453
       94.7679087998488541       39.0227590228571088
       89.7320554206949197       40.8430484827887099
       94.9541726727112234       48.7783900482079318
       90.3160644472228995       50.8345333797540277
       95.2655320060580095       60.0000000000000000
       90.0000000000000000       63.2017804260525082
       90.0000000000000000       66.7890034184481465
       92.0497372415463957       80.0000000000000000
       90.3015678068603194       85.1611583212068695
       94.3598478106327150       89.7501549232883633
       90.7986665709590000       94.6732390643273050
       93.3469082312582401      100.0000000000000000
       90.0000000000000000      105.1664172575441540
       96.5256152662436335       20.0000000000000000
       94.6492824190671058       25.2078235371392765
      100.0000000000000000       28.6220556129151475
       94.7407802801709096       34.2875419332410587
      100.0000000000000000       37.3177227739998898
       94.7647557049961762       43.8684705596907918
      100.0000000000000000       46.3241551117978858
       95.5347430380852103       53.9853959288418039
      100.0000000000000000       55.7519689814562653
       96.1062803104640722       80.0000000000000000
       95.3112435111474383       85.0531374678141958
      100.0000000000000000       89.9622517234130896
       95.5893882280882536       94.5163827527425440
       96.6607882595100705      100.0000000000000000
      100.0000000000000000       24.5204088374915372
      100.0000000000000000       32.9586032006330996
      100.0000000000000000       41.7915919767797135
      100.0000000000000000       50.9384811017146504
      100.0000000000000000       84.9926257094086282
      100.0000000000000000       94.9388239534446399
