      100.000000       90.000000
      100.000000      110.000000
      100.000000       94.969789
       95.798981       90.000000
      100.000000      105.021084
       95.786133      110.000000
      100.000000       99.993646
       95.528760       95.166604
       91.557693       90.000000
       95.512624      104.859619
       94.376013      100.015225
       91.519514      110.000000
       90.735436       95.096752
       90.705729      104.914711
       88.955606      100.007580
       83.686434      100.009421
       87.059960      110.000000
       87.119133       90.000000
       85.753979      104.928250
       82.446017      110.000000
       85.791070       95.084220
       82.529560       90.000000
       73.438985      100.012989
       80.757855      104.951381
       77.714889      110.000000
       80.805369       95.064429
       78.527830      100.011273
       77.829840       90.000000
       73.061427       90.000000
       75.756980      104.968273
       72.905507      110.000000
       75.817330       95.050733
       68.045373      110.000000
       70.762170      104.980661
       65.773350      104.988803
       70.836568       95.041884
       68.255214       90.000000
       63.153484      110.000000
       68.393170      100.014650
       58.243398      110.000000
       53.326133      110.000000
       65.861225       95.037556
       63.435025       90.000000
       60.787152      104.993142
       63.372151      100.015831
       55.799764      104.993512
       48.411736      110.000000
       50.807272      104.990984
       60.884599       95.036449
       58.363493      100.015170
       58.621536       90.000000
       43.508740      110.000000
       24.487171      110.000000
       20.000000      110.000000
       45.802004      104.992699
       53.359127      100.011294
       55.896479       95.036361
       38.687766      110.000000
       40.794231      104.872857
       33.909048      110.000000
       28.958827      110.000000
       25.107411      104.911941
       20.000000      105.588199
       48.354587      100.009252
       43.360163       99.966392
       50.883003       95.037871
       53.836602       90.000000
       35.883229      104.871733
       38.387300       99.657424
       30.829755      105.369721
       28.833613      101.157212
       24.655453       99.149227
       20.000000      101.176642
       45.829944       95.028244
       49.110727       90.000000
       33.713707       99.932065
       30.014218       96.184596
       20.000000       96.308747
       44.485783       90.000000
       40.706690       94.930466
       35.430405       94.432327
       30.251656       91.415474
       25.117596       94.028399
       20.000000       91.625085
       34.929679       89.109680
       40.000000       90.000000
       29.960584       86.315607
       25.126978       89.005700
       20.000000       86.958762
       40.000000       85.919766
       70.000000       70.000000
       25.025170       83.838964
       20.000000       82.335472
       34.808946       83.870069
       40.000000       81.782867
       70.000000       66.598725
       65.076655       70.000000
       70.000000       59.999827
       70.000000       63.392810
       60.349698       70.000000
       70.000000       50.000000
       70.000000       53.401149
       70.000000       56.606841
       29.909222       81.145438
       24.993332       78.616148
       20.000000       77.889891
       53.383859       64.989225
       34.835593       78.666168
       40.000000       77.734638
       40.000000       73.922191
       64.152223       65.031520
       65.057273       59.999779
       58.686409       65.005342
       65.076476       50.000000
       64.151610       54.968089
       20.000000       73.665002
       29.898989       75.962383
       24.903156       73.366897
       55.396818       70.000000
       34.883840       73.513869
       40.000000       70.000000
       60.528901       59.999551
       60.349122       50.000000
       58.684492       54.994049
       20.000000       69.344986
       25.020071       68.005563
       29.777790       70.814031
       24.953691       62.646280
       50.329329       70.000000
       34.503093       68.359857
       45.186534       70.000000
       55.571898       59.999458
       55.395765       50.000000
       20.000000       64.811554
       29.806825       65.412210
       50.422568       59.999508
       48.212256       64.985293
       38.439094       65.064579
       43.188094       64.926857
       53.380359       55.010155
       50.328138       50.000000
       20.000000       60.142809
       34.285520       62.531656
       29.473868       59.927194
       45.147851       59.999125
       39.683113       59.990389
       48.206644       55.014465
       24.929599       57.093562
       20.000000       55.530040
       20.000000       51.193976
       34.239490       57.464168
       29.703363       54.410569
       43.178745       55.069416
       45.186082       50.000000
       38.414526       54.924904
       24.939958       51.602213
       20.000000       47.017454
       29.792119       48.928932
       34.429859       51.689772
       40.000000       50.000000
       30.113049       43.656690
       25.045419       46.129645
       20.000000       42.619773
       40.000000       44.675503
       35.045289       46.584534
       25.208395       40.767028
       20.000000       38.125571
       20.000000       33.651408
       20.000000       29.315924
       20.000000       10.000000
       35.048608       41.181241
       40.000000       39.508515
       30.159352       38.257769
       25.205275       35.374812
       24.916194       29.850006
       20.000000       25.178254
       20.000000       20.849402
       20.000000       16.171424
       22.500000       12.990381
       26.125305       10.000000
       35.032214       35.639355
       30.052490       32.813486
       40.000000       34.602609
       33.178786       24.525630
       29.508841       27.433545
       25.428282       24.023899
       24.900981       18.680642
       28.194027       14.882350
       31.310173       10.000000
       34.845554       30.009933
       30.101559       20.331037
       33.404110       15.167613
       36.457018       10.000000
       40.000000       30.000000
       38.333434       24.963620
       35.896194       19.822949
       38.909928       14.994256
       41.764556       10.000000
       46.005891       30.000000
       44.327834       15.112820
       43.765497       25.176026
       41.395630       20.079836
       47.060206       10.000000
       49.732526       15.156864
       51.843972       30.000000
       49.452488       25.141751
       55.255288       25.102563
       46.908868       20.202152
       52.357335       10.000000
       57.633114       10.000000
       57.522042       30.000000
       52.541770       20.209805
       55.160090       15.189259
       67.933124       30.000000
       62.951638       30.000000
       67.973716       10.000000
       70.573936       15.025678
       62.835964       10.000000
       60.540346       15.264855
       61.205447       25.058027
       58.311483       20.249567
       67.382752       24.967424
       73.219737       10.000000
       65.715912       15.298430
       64.289242       20.299148
       72.732064       30.000000
       78.389190       10.000000
       75.420709       15.273047
       70.547801       20.186766
      100.000000       10.000000
       77.781454       30.000000
       73.685741       24.959516
       88.970912       10.000000
       83.636609       10.000000
       80.570788       15.278409
       76.857731       20.278817
      100.000000       14.692657
       94.668722       10.000000
       79.831170       25.014504
       83.234625       30.000000
       91.013152       14.697577
       85.883023       15.304220
       83.025818       20.250140
       95.180178       16.519985
       85.789594       24.932853
       88.796263       30.000000
       89.297045       20.117824
      100.000000       19.882229
       95.027840       22.149777
       91.457745       25.479719
      100.000000       25.135250
       94.687853       30.000000
      100.000000       30.000000
