            98            99           112
           122           112           111
           111            99            96
           111           112            99
           249           248           251
           244           248           249
           241           238           244
           252           251           253
           249           251           252
           247           244           249
           241           244           247
           247           242           241
           247           245           243
           243           242           247
           122           111           113
            97           111            96
             5            10             7
            14            10            12
            12            17            14
            42            49            43
            43            49            51
            57            49            50
            57            51            49
            67            51            57
           237           238           230
           237           244           238
           248           244           237
           249           252           250
           250           247           249
           245           247           250
            98           112           103
           221           219           225
           225           219           224
           210           219           213
           221           212           213
           213           219           221
           218           219           210
           218           216           224
           224           219           218
           235           228           227
           227           234           235
           235           234           242
           235           242           243
           236           235           243
           228           235           236
           227           228           223
           140           141           133
            41            46            40
            48            46            41
            41            47            48
            52            58            59
            59            58            68
           107           113           119
           100           113           111
           111            97           100
           119           113           100
           129           131           137
           129           107           119
           137           107           129
             7             8             3
             7            10            11
            11             8             7
            13             8            11
            11            10            14
             9             8            13
            13            18             9
            91            97            96
            14            17            19
            17            20            19
             6            12            10
             6             5             2
            10             5             6
            31            33            34
            31            30            25
            34            30            31
            44            46            50
            40            46            44
           233           238           241
           241           242           233
           242           234           233
           221           225           220
           210           213           209
           229           225           224
           228           236           229
           236           232           229
           216           223           217
           217           223           228
           224           216           217
           217           229           224
           228           229           217
           156           157           162
           162           157           163
           174           167           168
           168           175           174
           169           175           168
           177           178           187
           186           177           187
           170           180           179
           179           178           170
           179           180           188
           188           187           179
           179           187           178
           193           192           189
           188           180           189
           189           192           188
           185           175           186
           203           200           198
           197           192           193
           193           198           197
           197           198           200
           197           200           202
           124           140           133
           118           116           125
            84            83            78
            72            73            78
            78            83            72
            88            84            89
            83            84            88
            63            53            54
            60            68            58
            71            76            70
            76            68            70
            70            60            61
            68            60            70
           132           124           122
           140           124           132
           122           113           132
           113           107           132
            15            11            14
            13            11            15
            14            19            15
            15            19            16
             8             9             4
             1             3             4
             4             3             8
            24            20            25
            25            30            24
            24            19            20
            30            27            24
            16            19            24
            24            27            16
            40            44            38
            34            33            35
            33            38            35
            35            38            44
            21            22            18
            21            18            13
            13            15            21
            21            15            16
            75            74            79
            56            57            50
            50            46            56
            56            46            48
            66            74            75
            66            75            67
            67            57            66
            57            56            66
           123           124           133
           211           220           215
           222           220           225
           225           229           222
           214           215           222
           222           215           220
           222           229           232
           203           209           204
           204           200           203
           204           209           213
           204           213           212
           157           156           150
           150           156           149
           142           149           148
           149           156           148
           166           163           167
           167           174           166
           162           163           166
           166           174           173
           166           161           162
           173           161           166
           176           177           186
           186           175           176
           175           169           176
           186           187           191
           191           185           186
           188           192           191
           191           187           188
           182           174           175
           175           185           182
           173           174           182
           182           185           190
           181           173           182
           182           190           181
           115           103           112
           115           112           122
           122           124           115
           115           123           114
           124           123           115
           126           125           134
           118           125           126
           126           127           118
           135           127           126
           106           105            93
           106           116           118
           118           105           106
            89            93            92
            92            88            89
            93           105            92
            92            87            88
            92           105           104
           104            87            92
            62            63            73
            73            72            62
            62            72            71
            53            63            62
            71            70            62
            61            53            62
            62            70            61
           140           132           136
           137           145           136
           136           107           137
           136           132           107
           158           161           165
           158           156           162
           162           161           158
           171           164           165
           165           161           171
           171           173           181
           171           161           173
           172           171           181
           164           171           172
            34            35            39
            83            88            82
            88            87            82
            95           108           109
            59            65            55
            55            52            59
            47            52            55
            48            47            55
            69            65            59
            59            68            69
            69            68            76
            64            66            56
            64            56            48
            64            65            74
            74            66            64
            48            55            64
            64            55            65
           245           250           246
           246           240           245
           246           250           252
           243           245           239
           245           240           239
           239           236           243
           239           232           236
           199           194           201
           201           206           199
           181           190           183
           190           194           183
           183           172           181
           212           206           208
           202           200           208
           208           201           202
           206           201           208
           208           204           212
           200           204           208
           207           206           212
           207           212           221
           221           220           207
           207           220           211
           199           206           205
           205           207           211
           206           207           205
           196           191           192
           196           197           202
           192           197           196
           117           108           104
           104           105           117
           117           105           118
           118           127           117
           146           153           145
           143           144           151
           135           144           143
           151           146           143
           143           146           138
           137           131           139
           139           145           137
           139           146           145
           138           146           139
           159           158           165
           152           148           156
           156           158           152
           158           159           152
           152           159           151
           151           144           152
           152           144           148
           141           140           147
           140           136           147
           147           136           145
           145           153           147
            37            42            43
            42            39            45
            50            49            45
            49            42            45
            45            39            35
            45            44            50
            45            35            44
            77            76            71
            83            82            77
            71            72            77
            77            72            83
            85            82            87
            85            90            86
           108            95            94
            94            95            90
            90            85            94
            94            85            87
           104           108            94
            94            87           104
           232           239           231
           231           239           240
           103           115           102
           102           115           114
           114           101           102
           135           126           128
           128           144           135
           128           126           134
           128           134           142
           142           148           128
           148           144           128
           195           194           190
           195           201           194
           202           201           195
           195           196           202
           108           117           120
           120           117           127
           109           108           120
           120           110           109
           165           164           160
           160           159           165
            28            32            29
            22            21            26
            26            28            22
            32            28            26
            27            32            26
            16            27            26
            26            21            16
            23            32            27
            23            27            30
            23            30            34
            34            39            23
            29            32            36
            42            37            36
            36            37            29
            36            39            42
            36            23            39
            32            23            36
            81            85            86
            81            69            76
            76            77            81
            81            77            82
            82            85            81
           232           231           226
           214           222           226
           226           222           232
           190           185           184
           184           195           190
           185           191           184
           191           196           184
           196           195           184
           130           120           127
           130           127           135
           135           143           130
           130           143           138
           155           160           153
           159           160           155
           151           159           155
           155           146           151
           153           146           155
           153           160           154
           141           147           154
           154           147           153
            80            81            86
            69            81            80
            86            79            80
            80            79            74
            74            65            80
            65            69            80
           110           120           121
           120           130           121
           121           130           138
           121           139           131
           138           139           121
