             4           167           158
            13            14             1
             4           158           157
           192           196           197
           148           157           158
           138           148           149
            34            13             1
             2           101            78
            35            34            55
            13            34            35
           188           189           184
           192           197           198
           200           197           196
           178           179           174
           188           182           187
           196           190           195
             8           200           195
           195           200           196
           115            99            98
           157           148           147
           138           137           147
           147           148           138
            26            25            46
            46            25            45
            46            45            67
            67            45            66
            59            60            58
            17            37            38
            58            60            38
            38            37            58
           194           198           199
           201           198           197
             9           199           201
           201           199           198
           193           198           194
           193           194           189
           193           189           188
           188           187           193
           192           198           193
           193           187           192
           183           184           179
           179           178           183
           188           184           183
           178           177           183
           183           182           188
           183           177           182
           185           190           191
           191           190           196
           191           196           192
           192           187           191
            28            48            49
            32            33            12
            53            33            32
            97            11            74
            74            53            52
             7            95           111
           100            99           115
           115           116           100
            75            76            11
            99            76            75
            75            98            99
            75            11            97
            97            98            75
           115            98           114
           126           135           136
           131           130           141
           139           130           129
           138           149           139
            82            59           102
           168           158           167
            27            48            28
            22            43            23
            22            21            42
            42            43            22
            24            45            25
           107           108           109
            90            67            66
            90           107           109
            46            67            68
            16            37            17
            14            13            15
            13            35            15
            15            16            14
            37            16            15
            80           102            81
           102            59            81
            81            59            58
            58            57            81
            56            78           101
            56            57            35
            55            78            56
            56            35            55
            39            38            60
            42            21            41
            42            41            63
            63            41            62
            60            59            83
            83            82           103
            59            82            83
           182           177           181
            28            49            29
            52            30            51
            30            29            51
            51            29            49
           111            95            71
            54            33            53
            54            74            11
            53            74            54
            31            30            52
            52            53            31
            53            32            31
            97            74            73
            73            74            52
           123           114           113
           113           114            98
           113            98            97
            99           100            77
            10            76            77
            77            76            99
           115           114           125
           125           116           115
           125           126           116
           135           126           125
           124           114           123
           135           125           124
           124           125           114
           130           131           120
           129           130           120
           121           108           120
           120           131           121
           150           161           151
           160           161           150
           160           168           169
           160           169             5
             5           161           160
           127           118           117
            86           104            87
            87            63            86
            86            63            62
            87           104             3
           130           139           140
           141           130           140
           149           150           140
           140           139           149
           140           151           141
           150           151           140
            48            27            47
            46            68            47
            47            27            26
            47            26            46
            87             3            88
            88             3           105
            66            65            89
            89            90            66
            89            88           105
            65            88            89
           105           107            89
           107            90            89
            44            24            23
            23            43            44
            45            24            44
            66            45            44
            44            65            66
            43            65            44
           106           107           105
           117           118           106
           106             3           117
           105             3           106
            67            90            91
            91            68            67
            91            90           109
            91            92            68
            37            15            36
            58            37            36
            36            57            58
            35            57            36
            36            15            35
            57            56            79
            80            81            79
            79            81            57
            79           101            80
            79            56           101
            61            39            60
            60            83            61
            18            39            19
            17            38            18
            38            39            18
            20            41            21
            19            39            40
            40            20            19
            41            20            40
            62            41            40
            40            61            62
            39            61            40
            64            65            43
            64            43            42
            42            63            64
            64            88            65
            64            63            87
            87            88            64
           182           181           186
           186           187           182
           186           191           187
           185           191           186
            50            51            49
            50            71            95
           111            71            94
            97            73            96
            96           113            97
             7           113            96
            95             7            96
            96            73            95
           112           122           123
           123           113           112
           112           113             7
           155           144           154
           135           124           134
           156           155           165
           154           164           165
           165           155           154
           172           177           178
           168           160           159
           158           168           159
           159           150           149
           159           160           150
           159           148           158
           159           149           148
           118           127           128
           138           139           128
           128           137           138
           128           127           137
           129           118           128
           128           139           129
           104            86            84
            85            86            62
            62            61            85
            85            61            83
            85            83           103
           103            84            85
            85            84            86
           107           106           119
           108           107           119
           119           118           129
           119           106           118
           129           120           119
           119           120           108
           110            92             6
             6            91           109
            92            91             6
           109           108             6
             6           108           121
            93            92           110
           110            94            93
            93            94            71
           181           175           180
           185           186           180
           180           186           181
            72            73            52
            52            51            72
            51            50            72
            95            73            72
            72            50            95
           146           155           156
           136           135           145
           145           146           136
           155           146           145
           144           155           145
           135           134           145
           145           134           144
           144           134           143
           156           165           166
           173           178           174
           174           166           173
           173           166           165
           173           165           164
           173           172           178
           164           172           173
            71            50            70
            70            93            71
            70            49            48
            70            50            49
           163           164           154
           133           134           124
           133           143           134
           133           124           123
           123           122           133
           133           122           132
           132           143           133
           176           175           181
           176           170           175
           176           181           177
           177           172           176
            92            93            69
            93            70            69
            68            92            69
            69            70            48
            48            47            69
            69            47            68
           154           144           153
           153           163           154
           144           143           153
           170           176           171
           162           170           171
           171           163           162
           164           163           171
           171           172           164
           171           176           172
           142           143           132
           142           153           143
           163           153           152
           153           142           152
           162           163           152
