       20.0000000000000000       10.0000000000000000
       40.0000000000000000       10.0000000000000000
       40.0000000000000000       50.0000000000000000
       70.0000000000000000       50.0000000000000000
       70.0000000000000000       70.0000000000000000
       40.0000000000000000       70.0000000000000000
       40.0000000000000000       90.0000000000000000
      100.0000000000000000       90.0000000000000000
      100.0000000000000000      110.0000000000000000
       30.0000000000000000      110.0000000000000000
       30.0000000000000000      100.0000000000000000
       20.0000000000000000      100.0000000000000000
       22.5000000000000000       12.9903810567665783
       20.0000000000000000       16.1206526840247548
       24.5185032036573354       17.9590788011659512
       20.0000000000000000       20.9724943424056498
       20.0000000000000000       25.8853247726093691
       20.0000000000000000       30.4872348711863737
       20.0000000000000000       35.1880412845104402
       20.0000000000000000       39.9047786787475474
       20.0000000000000000       44.6213029451230980
       20.0000000000000000       49.3816422334516716
       20.0000000000000000       54.1698794134574300
       20.0000000000000000       58.9986205544750675
       20.0000000000000000       63.8120082470653998
       20.0000000000000000       68.5553275171923673
       20.0000000000000000       73.2412128841075400
       20.0000000000000000       77.8285663430065426
       20.0000000000000000       82.3462862051429028
       20.0000000000000000       86.9292270442425234
       20.0000000000000000       91.1233443294293721
       20.0000000000000000       95.4169459357182319
       23.4118442400230755      100.0000000000000000
       25.7874693119149896       10.0000000000000000
       28.2964888285937342       14.7735285230792108
       28.2139510831087215       20.6914001824721971
       24.5275207151467249       23.4812035168490709
       25.2405989430982487       28.0282479093964767
       25.0479499013893907       32.7239698197735152
       25.0436094819652766       37.4786790300807269
       25.0659269810785368       42.2303053445971059
       24.9806408120402423       46.9640621907744631
       24.9280650439454483       51.7985747953282356
       24.8316071516106049       56.6736410766830403
       24.8248068113329659       61.6423009601953211
       24.9202976740879976       66.4820737123015562
       24.9635059608168994       71.2930541719039184
       25.1006471463625509       75.9631900259866342
       25.1288459749728155       80.6360526868057264
       30.1945740063079597       83.1984365619247512
       24.8133368545072166       85.3266547224575191
       25.3509613058281005       90.2961579419968672
       24.6574602010223423       94.8253119329148717
       26.6913183040086928      100.0000000000000000
       30.6157481201033939       10.0000000000000000
       33.7853533762155251       14.1330936751735816
       31.8355551941352424       19.0235450874018213
       30.1735249473566576       25.0782379164881775
       35.0604441219163050       27.8130002619912631
       30.1275959651511833       30.0942340565206763
       30.0466571319577014       34.9754167629131700
       30.0637230993512432       39.8260172861617860
       30.0927217555697766       44.6534490866944864
       29.8422961150426644       49.4098588145446627
       29.7320023447252701       54.3937050280719134
       29.4958168263333178       59.4097344287926035
       29.7551336140480700       64.3802317633231951
       29.7924868835768102       69.3115474669825318
       30.1421447071344133       73.9666603976056081
       30.1791364871803758       78.6359793235503730
       35.1523462653590215       82.0124298765663866
       29.5847571230564164       87.4677872782435628
       31.3801366235148684       91.3933846540808332
       29.3734894765011987       95.0002076118807395
       34.1017158822317370      101.6554101404095718
       30.0000000000000000      105.2742830713418556
       34.3276910720720991      110.0000000000000000
       35.6795268565018517       10.0000000000000000
       36.4854926189416418       17.8188860679390935
       40.0000000000000000       20.4092680878797914
       35.0568670365970618       22.9709294633303678
       40.0000000000000000       30.2498483982004345
       35.0470442770646784       32.6776870723707731
       40.0000000000000000       40.0746021839279933
       35.0330592295807577       37.5234592312512021
       35.0563660317253110       42.3799965366546232
       35.0788369423553732       47.2424811814208283
       34.4981251478978734       51.9365965325616656
       34.2705601416983896       57.3289058906738234
       34.3694760148667342       62.0830210994418579
       34.4489154524075047       67.4920644252036368
       35.0891284418392999       72.1662959762632426
       35.1110865624366113       77.0682786690686328
       40.0000000000000000       79.8989394695528290
       34.9758602144124353       86.9877812534390955
       36.0336318969658507       92.1809395980073276
       34.6622363677849563       96.5711318064832227
       38.7077913671859974      100.2328483065462450
       35.9398602829641760      105.5954295196020638
       39.2192079001906606      110.0000000000000000
       40.0000000000000000       14.6708074401043369
       40.0000000000000000       25.3330830639707365
       40.0000000000000000       35.1609999964787789
       40.0000000000000000       45.0170340383771830
       38.3913957521047209       54.9019886042551306
       42.8672483084094793       55.0501094261336092
       39.5457587555627583       59.9354799436058059
       42.8490006752431896       64.9235911363456495
       38.4203166019939246       65.0135634653119183
       40.0000000000000000       74.9217746902795341
       40.0000000000000000       84.9503391213132772
       44.3152153776018025       90.0000000000000000
       40.5458261367289978       95.2443840168298550
       43.6052726715729548       99.9806892564787404
       41.0817946763599053      104.9966881941092396
       43.9559197751808668      110.0000000000000000
       44.9663605090927803       50.0000000000000000
       47.5482953896917095       55.0086889643299486
       44.7291583103788568       59.9984567813569072
       47.5345086642436812       64.9968824832888288
       44.9555415003231360       70.0000000000000000
       48.9503419691537331       90.0000000000000000
       45.7691695389557296       94.9815555727720096
       48.5066595865041847       99.9480352553547959
       46.0721637863520286      104.9666909130386756
       48.7515126530082767      110.0000000000000000
       49.9208231680927881       50.0000000000000000
       52.3052180957999155       55.0047091199539580
       49.7559371411871112       60.0034086046192385
       52.2977713854131991       64.9976738592432071
       49.9129926072812964       70.0000000000000000
       53.7073907181965353       90.0000000000000000
       50.8760304376199244       95.0054232404722683
       53.4526361960134153       99.9814760774734026
       51.0097528543011336      104.9653434082135419
       53.5852332988538507      110.0000000000000000
       54.8763697838464566       50.0000000000000000
       57.0574954669063601       54.9996241148160934
       54.7361121491400553       60.0011315338253439
       57.0530065284302808       65.0014614396962145
       54.8706205950983588       70.0000000000000000
       58.5243891446914901       90.0000000000000000
       55.8894911368044873       95.0124863486065863
       58.4044084100672123       99.9942329212498890
       55.9437956424535088      104.9822385243630976
       58.4467514579423764      110.0000000000000000
       59.8605813958111028       50.0000000000000000
       61.7200918983214635       54.9988802292353185
       59.7281872869814308       60.0008710150107447
       61.7176577712070227       65.0021971397583798
       59.8565822672523353       70.0000000000000000
       63.3690871650922460       90.0000000000000000
       60.8574179968487314       95.0140024815796806
       63.3607486693807900       99.9983685216684677
       60.8757993773551433      104.9862148711996923
       63.3175683892600532      110.0000000000000000
       64.8997165111653516       50.0000000000000000
       66.1424781179170367       55.0182042005398273
       64.7988086834566985       60.0009037750318583
       66.1417291872525652       64.9829241658861037
       64.8976375032221284       70.0000000000000000
       68.2203320875873516       90.0000000000000000
       65.8060232664423665       95.0160340746925556
       68.3274760909264387      100.0001827497269176
       65.8084885654063925      104.9857209064512062
       68.1848799543663233      110.0000000000000000
       70.0000000000000000       54.9915616408724546
       70.0000000000000000       60.0002141223149934
       70.0000000000000000       65.0082066426454901
       73.0596835913789562       90.0000000000000000
       70.7496789949946816       95.0213140020371725
       73.3169197930845513      100.0009130929417012
       70.7458726595287288      104.9809187848730545
       73.0346990397442966      110.0000000000000000
       77.8655294314872037       90.0000000000000000
       75.6977154151092577       95.0315195810175766
       78.3495074011686228      100.0011198308639564
       75.6921140893625619      104.9706750249364973
       77.8476809068366720      110.0000000000000000
       82.6062511657153351       90.0000000000000000
       80.6560172988498749       95.0498185732370047
       83.4603406792744664      100.0010946242758365
       80.6505401035890515      104.9521363596619921
       82.5934320314083692      110.0000000000000000
       87.2340892152999601       90.0000000000000000
       85.6228279526280573       95.0770551345082566
       88.7078151469075493      100.0010429512176415
       85.6181443329596306      104.9246001077473665
       87.2249047287671857      110.0000000000000000
       91.6704059382137615       90.0000000000000000
       90.5693961339430018       95.1375238273802353
       94.2071756394474278      100.0020170753184345
       90.5656116486793792      104.8641839414893298
       91.6641030200731990      110.0000000000000000
       95.8955561361908764       90.0000000000000000
       95.3823629433270810       95.0983594315371761
      100.0000000000000000       99.9983427109918352
       95.3802112497684647      104.9053032324864603
       95.8925080605527569      110.0000000000000000
      100.0000000000000000       94.9766073230975394
      100.0000000000000000      105.0204505942540152
