       20.0000000000000000       10.0000000000000000
      100.0000000000000000       10.0000000000000000
      100.0000000000000000       30.0000000000000000
       70.0000000000000000       30.0000000000000000
       70.0000000000000000       90.0000000000000000
      100.0000000000000000       90.0000000000000000
      100.0000000000000000      110.0000000000000000
       20.0000000000000000      110.0000000000000000
       20.0000000000000000       90.0000000000000000
       50.0000000000000000       90.0000000000000000
       50.0000000000000000       30.0000000000000000
       20.0000000000000000       30.0000000000000000
       22.5000000000000000       12.9903810567665783
       20.0000000000000000       16.3627565454139976
       20.0000000000000000       21.2023711920196440
       20.0000000000000000       25.6011976562774102
       24.1086712259205775       90.0000000000000000
       20.0000000000000000       94.9962518450906401
       20.0000000000000000      100.0224356716881005
       20.0000000000000000      105.0313687709598867
       24.2753268543706930      110.0000000000000000
       26.2212886110290029       10.0000000000000000
       24.9676645365125260       19.4208348447008241
       26.7602057418111521       24.8978847559164649
       25.1989719417980353       30.0000000000000000
       28.2379384413971657       90.0000000000000000
       24.4807496406841949       95.2498658718374713
       25.7334696627878685      100.0876394984690592
       24.5616047158095832      104.8919879624566249
       28.6142028199311795      110.0000000000000000
       31.4407994790130267       10.0000000000000000
       28.1335007983297132       15.0758730132065075
       30.5618364591523495       20.3418452386884177
       30.7627917259236838       30.0000000000000000
       32.5568039855637537       90.0000000000000000
       29.3246604410366913       95.1847841203349105
       31.2614964126785608      100.0733684473007230
       29.4712175260200056      104.9378307359384053
       33.1558949336261790      110.0000000000000000
       36.7093097304333682       10.0000000000000000
       33.6677651949441596       15.2694477216389739
       36.3098527256555386       20.3985789294806956
       33.1897242369756498       25.2497365367642210
       36.9870639222267670       90.0000000000000000
       34.3452375508793963       95.1750469403969674
       36.6368741940265892      100.0700248277533717
       34.5318357284494795      104.9529842803407149
       37.8637523154253586      110.0000000000000000
       42.0578840118847523       10.0000000000000000
       39.1602341316240512       15.2594622166062788
       39.3843822984155736       25.3156241736900753
       36.8336811498035814       30.0000000000000000
       41.4448049234180118       90.0000000000000000
       39.4317283051506919       95.1491608230288932
       41.9059972607220601      100.0436138684812022
       39.6387760753321103      104.9691613122219707
       42.6921056215396320      110.0000000000000000
       47.5191601157981651       10.0000000000000000
       44.6034756535186716       15.1050466307449724
       42.0026863949889346       20.3918213134798343
       43.1385390903738255       30.0000000000000000
       45.8309303877625922       90.0000000000000000
       44.5632173532203453       95.1072362168985990
       47.1083773353274893      100.0351408512621134
       44.7411304415639890      104.9661330476511125
       47.5913790988164536      110.0000000000000000
       53.1773200205216128       10.0000000000000000
       50.1619670005330462       14.7723353338293126
       47.4613250417018193       19.9777573438151101
       45.4004166551817221       25.3977885280306239
       55.5484904227940532       27.8870954552320356
       50.0000000000000000       34.3767949424111521
       50.0000000000000000       38.5664625516736095
       50.0000000000000000       42.7647339504339214
       50.0000000000000000       46.9120992284661469
       50.0000000000000000       51.0305490552671088
       50.0000000000000000       55.3591060571875957
       50.0000000000000000       59.7946308167453537
       50.0000000000000000       64.0941373790721229
       50.0000000000000000       68.3551476210208904
       50.0000000000000000       72.5508716052081013
       50.0000000000000000       77.1759487507446380
       50.0000000000000000       81.5001152881232827
       50.0000000000000000       85.9199563003684403
       54.4079121584925574       91.0072424053668954
       49.7142450623556513       95.1073931853913166
       52.2368408907667501      100.1912602471104634
       49.8350237315078317      105.0576652421428605
       52.5752715863760258      110.0000000000000000
       58.8834267131636011       10.0000000000000000
       56.0443272995581196       14.7219679783244999
       52.9988165781026979       19.2453603119608516
       50.7337359812690067       24.5890112532906180
       56.1720815946675174       23.2152052557018571
       55.2155180285129177       32.9835795926558433
       55.2489656828125320       37.9749813677241832
       54.8142487613765823       42.6758376738440859
       55.2923806746700208       47.3172972211202847
       55.2193645413982424       52.3122306655746385
       59.8853997878270121       54.5935456908195391
       55.1464286463744031       57.6223576291230444
       55.1996373111128946       62.9557179578852839
       54.6647626224843535       68.2138695386180984
       57.8056377758035183       71.4544598660502146
       54.7104990905193063       74.6316203635996942
       55.3231352050967260       79.8012214933775823
       54.7882000586484352       84.9427293343391341
       57.9966159288684082       88.5080256024125021
       55.0107624601980305       95.6343350005126780
       57.6525796860754127       99.8439374144507497
       54.9999500791271672      104.9108645417539520
       57.5144670990261559      110.0000000000000000
       64.5476399408599093       10.0000000000000000
       61.9016432028995069       14.7514012076360572
       64.5735721233598383       19.9740274473307409
       59.1684932388679812       19.2700937911811359
       61.2874375781698575       24.8792135725669823
       60.1421216446349618       30.7759264485372483
       60.0509662425993724       36.5635593135811519
       59.6771679047961570       42.5587142250891048
       64.5324226051801872       44.1505215249059191
       60.1223583133760116       48.6748436300460838
       64.6329509387384462       53.2608588855236249
       59.9377554325159210       60.2907215930823241
       64.7569437927721481       63.2812009545887690
       59.9582937612737368       65.9723635548334499
       61.9256991795137424       71.5008031911537927
       59.9705368047306209       77.0214260094119254
       64.6551417079348596       79.8061125804224645
       59.9924831474999323       82.8634140379709407
       61.9965725371089960       88.5085791994123383
       59.9999580164143609       94.0720215570531053
       62.3479377342929268       99.8426572281481128
       60.0001136509526631      104.9747998106481504
       62.4853158372257340      110.0000000000000000
       70.0307549187581486       10.0000000000000000
       67.4459280177397886       15.0548733042611609
       70.4164462155854238       19.9150292128150177
       67.5026137088381262       24.5110252327571558
       64.9227476879527217       28.8310644992895817
       64.9454542921103410       34.0293863793040927
       70.0000000000000000       38.1521301960604902
       64.7088226930489157       39.2517646100911435
       70.0000000000000000       46.7159001236289413
       65.0477928039132678       48.7092232940154943
       70.0000000000000000       55.5984989043632325
       64.7735073703697282       58.1617203523731945
       70.0000000000000000       64.2468670279986753
       65.2964534555425189       68.4264530499477672
       70.0000000000000000       72.6609972261160095
       65.2418956859756491       74.6609699585784057
       70.0000000000000000       81.5346868888028382
       65.2021276519823090       84.9409680294896248
       65.5915890091180529       91.0020420565366095
       64.9892577090342911       95.6306896812723579
       67.7621942413502580      100.1900955985660460
       64.9997572591614556      104.9104501956715154
       67.4243391731314148      110.0000000000000000
       75.4681065555290758       10.0000000000000000
       73.0510808237834226       15.0340483751819551
       76.0081092640822789       20.1666737399900136
       73.0944237478583858       25.1132563502225388
       70.0000000000000000       34.0853861492544823
       70.0000000000000000       42.4162019116614672
       70.0000000000000000       51.2431532351412145
       70.0000000000000000       59.9930341006554713
       70.0000000000000000       68.4630007672320033
       70.0000000000000000       77.2366816713784630
       70.0000000000000000       85.9387906058046553
       74.1690845892634343       90.0000000000000000
       70.2845853287643791       95.1064943223486097
       72.8905983128586996      100.0347788175026125
       70.1642243683254065      105.0572488482025904
       72.4081003982326763      110.0000000000000000
       80.7662349682687903       10.0000000000000000
       78.5573587117091279       15.1588919293578890
       78.8545074691258634       25.1340836193776553
       75.9354575277745738       30.0000000000000000
       78.5550565893496895       90.0000000000000000
       75.4359061606270700       95.1072194770550681
       78.0931475420712502      100.0436187184530183
       75.2580803563715364      104.9660412766565543
       77.3074341461257717      110.0000000000000000
       85.9152979629080988       10.0000000000000000
       81.7132806241795890       20.1976063348765429
       87.5265900558962784       20.1810946289328328
       81.8706406599357877       30.0000000000000000
       83.0127705758230974       90.0000000000000000
       80.5675600186171295       95.1491823183046677
       83.3624180688918130      100.0700202052713053
       80.3605710335380081      104.9691594091506914
       82.1359145531784662      110.0000000000000000
       90.8424404721433376       10.0000000000000000
       84.0560658434133501       15.1936461329716757
       93.5561683072837553       20.0034595731730356
       84.6128723832534178       25.1267185913994595
       87.4430826984455933       90.0000000000000000
       85.6542332526670833       95.1750721894420764
       88.7379690776402867      100.0733610950207293
       85.4676578058636522      104.9529588137575900
       86.8439016530697501      110.0000000000000000
       95.5051745514444690       10.0000000000000000
       89.5227238923455815       15.2157555096377486
       90.2820226490279651       25.0693887574632903
       87.8397221362010896       30.0000000000000000
       91.7620152357858672       90.0000000000000000
       90.6750075941720297       95.1848295756081626
       94.2662231258088781      100.0876539026339174
       90.5284421145822051      104.9377885212789465
       91.3857026709142417      110.0000000000000000
       94.8950764035369048       15.1253618665247416
       95.5701598296669488       24.8436142248983529
      100.0000000000000000       20.0112687716822535
       93.8808813033471097       30.0000000000000000
       95.8913135182082215       90.0000000000000000
       95.5191104022138120       95.2499253500521093
      100.0000000000000000      100.0224044464668083
       95.4382375278378561      104.8919721382606696
       95.7246518252256777      110.0000000000000000
      100.0000000000000000       14.9853818689014240
      100.0000000000000000       25.0573748560691101
      100.0000000000000000       94.9962256208953733
      100.0000000000000000      105.0313589076663163
