      100.000000      110.000000
      100.000000       90.000000
       95.724652      110.000000
      100.000000      105.031359
       20.000000      110.000000
       20.000000       90.000000
      100.000000       94.996226
       95.891314       90.000000
       91.385703      110.000000
       95.438238      104.891972
      100.000000      100.022404
       24.275327      110.000000
       20.000000      105.031369
       20.000000       94.996252
       24.108671       90.000000
       95.519110       95.249925
       91.762015       90.000000
       87.443083       90.000000
       86.843902      110.000000
       90.528442      104.937789
       94.266223      100.087654
       28.614203      110.000000
       24.561605      104.891988
       20.000000      100.022436
       24.480750       95.249866
       28.237938       90.000000
       90.675008       95.184830
       82.135915      110.000000
       85.467658      104.952959
       88.737969      100.073361
       33.155895      110.000000
       29.471218      104.937831
       25.733470      100.087639
       29.324660       95.184784
       85.654233       95.175072
       83.012771       90.000000
       80.360571      104.969159
       77.307434      110.000000
       83.362418      100.070020
       37.863752      110.000000
       34.531836      104.952984
       31.261496      100.073368
       34.345238       95.175047
       32.556804       90.000000
       72.408100      110.000000
       80.567560       95.149182
       78.555057       90.000000
       75.258080      104.966041
       78.093148      100.043619
       47.591379      110.000000
       42.692106      110.000000
       57.514467      110.000000
       52.575272      110.000000
       39.638776      104.969161
       36.636874      100.070025
       36.987064       90.000000
       67.424339      110.000000
       62.485316      110.000000
       70.164224      105.057249
       75.435906       95.107219
       72.890598      100.034779
       74.169085       90.000000
       70.000000       90.000000
       60.000114      104.974800
       44.741130      104.966133
       54.999950      104.910865
       49.835024      105.057665
       41.905997      100.043614
       39.431728       95.149161
       41.444805       90.000000
       64.999757      104.910450
       67.762194      100.190096
       70.284585       95.106494
       64.989258       95.630690
       57.652580       99.843937
       47.108377      100.035141
       52.236841      100.191260
       44.563217       95.107236
       45.830930       90.000000
       62.347938       99.842657
       65.591589       91.002042
       55.010762       95.634335
       49.714245       95.107393
       59.999958       94.072022
       50.000000       90.000000
       61.996573       88.508579
       70.000000       85.938791
       54.407912       91.007242
       57.996616       88.508026
       59.992483       82.863414
       50.000000       85.919956
       65.202128       84.940968
       70.000000       81.534687
       54.788200       84.942729
       50.000000       81.500115
       70.000000       77.236682
       70.000000       72.660997
       64.655142       79.806113
       55.323135       79.801221
       59.970537       77.021426
       50.000000       77.175949
       70.000000       68.463001
       65.241896       74.660970
       61.925699       71.500803
       54.710499       74.631620
       57.805638       71.454460
       50.000000       72.550872
       50.000000       68.355148
       25.198972       30.000000
       20.000000       30.000000
       20.000000       16.362757
       70.000000       64.246867
       65.296453       68.426453
       59.958294       65.972364
       54.664763       68.213870
       50.000000       64.094137
       20.000000       25.601198
       20.000000       21.202371
       24.967665       19.420835
       22.500000       12.990381
       20.000000       10.000000
       70.000000       59.993034
       64.756944       63.281201
       55.199637       62.955718
       50.000000       59.794631
       30.762792       30.000000
       36.833681       30.000000
       26.760206       24.897885
       30.561836       20.341845
       28.133501       15.075873
       26.221289       10.000000
       64.773507       58.161720
       70.000000       55.598499
       59.937755       60.290722
       55.146429       57.622358
       50.000000       55.359106
       33.189724       25.249737
       55.215518       32.983580
       36.309853       20.398579
       33.667765       15.269448
       31.440799       10.000000
       70.000000       51.243153
       64.632951       53.260859
       59.885400       54.593546
       55.219365       52.312231
       50.000000       51.030549
       50.000000       46.912099
       50.000000       42.764734
       50.000000       38.566463
       42.002686       20.391821
       43.138539       30.000000
       39.384382       25.315624
       50.000000       34.376795
       39.160234       15.259462
       36.709310       10.000000
       65.047793       48.709223
       70.000000       46.715900
       60.122358       48.674844
       55.292381       47.317297
       54.814249       42.675838
       55.248966       37.974981
       45.400417       25.397789
       50.000000       30.000000
       47.461325       19.977757
       44.603476       15.105047
       42.057884       10.000000
       64.532423       44.150522
       70.000000       42.416202
       59.677168       42.558714
       55.548490       27.887095
       50.733736       24.589011
       50.161967       14.772335
       47.519160       10.000000
       64.708823       39.251765
       70.000000       38.152130
       70.000000       34.085386
       60.050966       36.563559
       60.142122       30.775926
       56.172082       23.215205
       52.998817       19.245360
       56.044327       14.721968
       53.177320       10.000000
       64.945454       34.029386
       64.922748       28.831064
       61.287438       24.879214
       59.168493       19.270094
       61.901643       14.751401
       58.883427       10.000000
       70.000000       30.000000
       67.502614       24.511025
       73.094424       25.113256
       64.573572       19.974027
       64.547640       10.000000
       75.935458       30.000000
       70.416446       19.915029
       76.008109       20.166674
       67.445928       15.054873
       70.030755       10.000000
       81.870641       30.000000
       84.612872       25.126719
       78.854507       25.134084
       73.051081       15.034048
       75.468107       10.000000
      100.000000       25.057375
      100.000000       30.000000
       87.839722       30.000000
       93.880881       30.000000
       87.526590       20.181095
       81.713281       20.197606
       78.557359       15.158892
       95.570160       24.843614
       90.282023       25.069389
       84.056066       15.193646
       80.766235       10.000000
      100.000000       20.011269
       93.556168       20.003460
       89.522724       15.215756
       85.915298       10.000000
       94.895076       15.125362
       90.842440       10.000000
      100.000000       14.985382
       95.505175       10.000000
      100.000000       10.000000
