           219           215           216
           216           215           211
           216           211           212
           216           212           208
           134           132           123
           143           133           132
           132           133           122
           122           123           132
           133           143           142
           116           125           124
           119           118           111
           215           219           221
           205           211           204
           204           211           215
           207           211           205
           206           212           207
           207           212           211
           200           212           206
           209           208           200
           200           208           212
           213           208           209
           214           218           213
           193           187           188
           193           198           197
           197           187           193
           123           122           112
           102           113           112
           112           113           123
           197           195           192
           186           187           192
           192           187           197
           197           198           202
           202           195           197
           199           200           206
           116           124           115
            23            24            33
            33            24            25
            32            23            33
            22            23            32
            67            66            53
            33            25            34
            43            44            56
            43            34            44
           116           115           108
           107           108           115
           128           117           118
           128           118           119
           126           128           137
           120           111           121
           121           131           120
           119           111           120
           129           140           139
           139           137           129
           129           128           119
           137           128           129
           155           140           141
           130           131           141
           141           140           130
           119           120           130
           130           120           131
           130           129           119
           140           129           130
           173           182           172
           173           165           166
           172           165           173
           181           182           188
           181           187           186
           188           187           181
           172           182           181
            21            11            10
            16            11            21
            29            28            37
            58            71            57
            57            71            59
            59            45            57
            37            28            38
            39            29            37
            47            36            46
            46            60            47
            97           113           102
            47            60            62
           219           220           222
           223           221           222
           222           221           219
           218           220           217
           217           213           218
           208           213           217
           217           220           219
           217           219           216
           216           208           217
           203           202           198
           195           202           196
           196           191           195
           214           213           210
           210           203           214
           202           203           210
           210           196           202
           210           213           209
           209           196           210
           209           200           201
           200           199           201
           201           199           194
           201           196           209
           194           191           201
           191           196           201
           189           191           194
           157           142           156
           156           142           143
           195           191           190
           190           192           195
           190           189           184
           191           189           190
           114           115           124
           134           123           114
           114           124           134
           123           113           114
           113           104           114
           106           115           114
           114           104           106
            24            23            13
            12            23            22
             5            13            12
            12            13            23
            14            25            24
            44            34            26
            26            34            25
            53            66            52
            75            66            77
            77            67            76
            66            67            77
            50            67            53
            65            50            51
            67            50            65
            65            68            76
            76            67            65
            42            32            33
            33            34            42
            42            43            55
            34            43            42
           105           115           106
           105           107           115
           101           107           105
           105            99           101
            76            68            78
           110           117           109
           117           128           109
           128           126           109
           146           145           136
           154           155           166
           166           165           154
           140           155           154
           139           140           154
           164           171           162
           164           165           172
             4            10            11
             9            10             3
             3             4             1
            10             4             3
            11            16             7
            28            29            19
            20            10             9
             9            19            20
            20            19            29
            21            10            20
            59            61            48
            37            38            48
            48            38            45
            48            45            59
            59            71            72
            72            61            59
            27            16            21
            27            17            16
            49            46            39
            49            39            37
            49            61            60
            60            46            49
            37            48            49
            49            48            61
           101            99            95
            97            96           103
           113            97           103
           103           104           113
           158           156           143
           157           156           167
           156           158           167
            15            26            25
            15            14             6
            25            14            15
            22            32            31
            58            52            64
            64            71            58
            64            52            66
            64            66            75
            85            88            83
            83            77            76
            76            78            83
            85            83            79
            79            83            78
            70            79            78
            69            78            68
            69            68            55
            55            43            69
            69            70            78
            69            43            56
            56            70            69
           125           136           135
           136           145           135
           135           124           125
           134           124           135
           127           126           137
           150           164           162
           139           154           150
           150           154           165
           165           164           150
           180           179           171
           171           164           180
           180           164           172
           172           181           180
           180           181           186
           186           179           180
            16            17             8
             2             7             8
             8             7            16
            29            39            30
            30            20            29
            21            20            30
            30            27            21
            80            72            71
            80            64            75
            71            64            80
            17            27            18
            39            46            35
            35            30            39
            27            30            35
            35            18            27
            35            46            36
            36            18            35
            98            96            93
            98           103            96
            93            92            98
           175           174           183
           183           176           175
           183           178           184
           184           189           183
           189           176           183
           174           167           169
           169           167           158
           184           178           185
           185           190           184
           192           190           185
           186           192           185
           185           179           186
           144           158           143
           145           158           144
           144           135           145
           134           135           144
           144           132           134
           144           143           132
           157           167           168
           168           174           175
           168           167           174
            41            31            32
            41            42            55
            32            42            41
            40            31            41
            91            88            85
            77            83            82
            82            83            88
            75            77            82
           152           137           139
           152           127           137
           139           150           152
           152           150           162
           162           151           152
           151           127           152
            87            92            93
            72            80            74
            88            91            94
            94            95            99
            94            91            95
            99           105           100
           104           103           100
           103            98           100
           106           104           100
           100           105           106
           159           169           158
           159           158           145
           159           146           147
           145           146           159
           171           179           170
           179           185           170
           170           185           178
            40            41            54
            51            40            54
            54            65            51
            68            65            54
            55            68            54
            54            41            55
            88            94            89
           153           161           149
            84            74            80
            84            80            75
            75            82            84
            84            89            86
            84            82            88
            88            89            84
            61            72            73
            72            74            73
            60            61            73
            73            62            60
            73            63            62
           171           170           163
           162           171           163
           163           151           162
           174           169           177
           169           161           177
           177           183           174
           178           183           177
           138           161           153
           153           163           138
           138           163           170
           138           170           178
           178           177           138
           138           177           161
           169           159           160
           160           161           169
           147           148           160
           160           159           147
           148           149           160
           160           149           161
            90            89            94
            90            98            92
            92            86            90
            86            89            90
            90            94            99
            99           100            90
            90           100            98
            81            84            86
            74            84            81
            81            86            92
            81            73            74
            63            73            81
            92            87            81
            87            63            81
