           204           181           180
           180           181             9
            92            68           113
            45            44            67
            67            68            45
           203           204           180
           181           204           182
           150           157           151
           151           157           164
            68            67            90
             2           113            90
            90           113            68
            24            22            23
             1            44            21
            21            22             1
            21            44            45
            45            23            21
            21            23            22
           184           183           206
           164           157             6
           258           276           236
           214           190           212
           243           244           221
           265           242           279
             8           195           174
           174           175           168
           195           175           174
           165           151           164
            30            29            53
            53            29            52
            97            73           116
            74            73            97
           223           224           200
            13           199           200
           200           201            13
           224           201           200
           248           270           271
            11           271           282
           282           271           270
           247           270           248
           248           225           247
           247           225           224
           247           224           223
           179           199            13
            35            34            58
            37            60            61
            88            66            65
           134           142            17
            18           127           110
           226           249           203
           204           203           227
           203           249           227
           254           231           230
           252           253           230
           252           230           229
           229           230           231
           207           185           184
           184           206           207
           207           229           231
           206           229           207
           136           143           150
           257           276           258
           208           207           231
           186           185           208
           185           207           208
           278           263           240
           277           261           238
           237           214           212
           215           214           237
           259           236           276
           190           214           191
           192           214           215
           192           191           214
           140           130           139
           131           130           141
           130           140           141
           139           130           129
           129           128           139
           121           128           129
             8           174           173
           166           174           168
           166           159             7
             7           173           166
           166           173           174
           194           218           195
           194           195             8
             8           216           194
           197           175           196
           196           175           195
           195           218           196
           158           165             7
             7           159           158
           151           165           158
           158           159           152
           116            73            96
            24            23            47
            47            25            24
            48            25            47
            70            48            47
            45            68            69
            69            23            45
            28            52            29
            31            55            32
           224           225           202
            12           201           202
           202           201           224
           269           282           270
           244           243           266
           266           280           244
           266           243           242
           265           280           266
           266           242           265
           246           247           223
           270           247           246
           246           269           270
           281           269           246
           246           268           281
           245           246           223
           268           246           245
           221           244           245
           244           268           245
           281           268           267
           244           280           267
           267           268           244
           222           200           199
           199           198           222
           223           200           222
           222           245           223
           222           198           221
           221           245           222
           167           162           161
           167           166           168
           161           162           155
           154           161           155
           163           156           155
           155           162           163
           172            14           171
           177           198           199
           197           198           177
           176           175           197
           168           175           176
           197           177           176
           176           177           170
            36            60            37
            37            61            38
            89            66            88
            43            65            66
            20            42            43
            43            42            65
            88            65            64
           133           132           142
           142           134           133
            18           133           126
           126           133           134
            87            64            86
            88            64            87
           111           110           127
           111            89            88
            88            87           111
           111            87           110
           272           251           249
           272           226            10
           249           226           272
           273           253           252
           249           251           250
           250           227           249
           251           273           250
           250           273           252
           274           255           254
           274           230           253
           254           230           274
           204           227           205
           205           182           204
           183           182           205
           205           206           183
           152           159           153
           153           146           152
           153           161           154
           154           146           153
           138           128             4
           139           128           138
           152           146           145
           145           138             4
           146           138           145
           151           158           144
           144           158           152
           150           151           144
           144           136           150
           152           145           144
           144           145           136
           210           235           211
           211           188           210
           233           235           210
           210           188           187
           212           190           189
           189           211           212
           188           211           189
           277           238           260
           260           259           277
           236           259           260
           260           237           236
           260           238           215
           215           237           260
           215           238           239
           239           192           215
           216           192           239
           261           278           262
           262           238           261
           262           278           240
           262           239           238
           213           237           212
           212           211           213
           213           211           235
           236           237           213
           258           236           213
           213           235           258
           193           216             8
           193           192           216
           191           192           193
            16           132           131
           131           141            16
            16           141           149
           142           132            16
           264           279           242
           242           241           264
           264           241           240
           263           279           264
           240           263           264
           218           241           219
           219           196           218
           219           241           242
           242           243           219
           197           196           220
           220           198           197
           220           219           243
           196           219           220
           220           243           221
           221           198           220
            26            25            48
            26            49            27
            48            49            26
            50            73            74
           114            94            93
            46            47            23
            23            69            46
            70            47            46
            46            93            70
            92           114            91
            91           114            93
            91            68            92
            91            69            68
            93            46            91
            91            46            69
            51            28            27
            27            49            51
            52            28            51
            49            50            51
            74            52            51
            51            50            74
            53            77            54
            55            31            54
            54            31            30
            54            30            53
            74            97            76
            76            77            53
            53            52            76
            76            52            74
            81            82            58
           104            82            81
            32            55            56
            55            79            56
            78            79            55
            55            54            78
            78            54            77
           101            79            78
           105           104           121
           105            82           104
           135             5           143
           143           136           135
           121           104             3
            98            97           116
            75            76            97
            77            76            75
            97            98            75
            75            98           117
           159           166           160
           166           167           160
           160           167           161
           160           153           159
           161           153           160
           149           141           148
           148           141           140
           148           156           149
           148           155           156
           148           140           154
           154           155           148
           178           179           172
           172           171           178
           178           171           170
           199           179           178
           178           177           199
           170           177           178
           170           171            15
           163           162            15
           162           167           169
           169            15           162
           169           167           168
           168           176           169
           169           176           170
           170            15           169
            60            36            59
            58            82            59
            59            82            60
            59            36            35
            59            35            58
            86            64            63
            63            64            40
            84            61            60
            40            64            41
            65            42            41
            41            64            65
            18           110           125
           125           133            18
            89           111           112
           112           127            19
           112           111           127
           252           229           228
           228           250           252
           228           229           206
           206           205           228
           227           250           228
           228           205           227
           147           140           139
           139           138           147
           147           138           146
           147           146           154
           154           140           147
           275           257           234
           234           257           258
           258           235           234
           235           233           234
           209           233           210
           186           208           209
           209           187           186
           210           187           209
           232           231           254
           232           208           231
           232           209           208
           233           209           232
           240           241           217
           217           262           240
           239           262           217
           217           194           216
           216           239           217
           217           241           218
           218           194           217
            72            50            49
            72            48            70
            72            49            48
           104            81           103
           103             3           104
           119             3           103
            58            34            57
            57            81            58
            32            56            33
            33            57            34
            56            57            33
           122           130           131
           122           129           130
             4           128           120
           120           128           121
           121             3           120
           137           135           136
           137           145             4
           136           145           137
            99            75           117
            99           100           101
           117           100            99
           101            78            99
            99            78            77
            77            75            99
           101           100           118
            39            63            40
            60            82            83
            83            84            60
            82           105            83
           109           125           110
           109            87            86
           110            87           109
            86            85           109
           256           234           233
           256           232           254
           233           232           256
           254           255           256
           256           255           275
           275           234           256
            71            94           115
            93            94            71
            70            93            71
            71            72            70
           102            79           101
           119           103           102
           101           118           102
           102           118           119
            81            57            80
            80           103            81
            80            56            79
            80            57            56
            79           102            80
            80           102           103
           123           122           131
            62            39            38
            62            38            61
            63            39            62
            61            84            62
            62            84            85
            62            85            86
            86            63            62
            95            71           115
           115            96            95
            95            96            73
            73            50            95
            50            72            95
            72            71            95
           132           133           124
           133           125           124
           131           132           124
           124           123           131
            85            84           107
            84            83           107
           125           109           108
           108           124           125
           108           109            85
           123           124           108
            85           107           108
           108           107           123
           122           123           106
           123           107           106
           129           122           106
           106            83           105
           106           107            83
           121           129           106
           106           105           121
