       20.0000000000000000       10.0000000000000000
       40.0000000000000000       10.0000000000000000
       40.0000000000000000       70.0000000000000000
       50.0000000000000000       70.0000000000000000
       50.0000000000000000       60.0000000000000000
       70.0000000000000000       60.0000000000000000
       70.0000000000000000       70.0000000000000000
       80.0000000000000000       70.0000000000000000
       80.0000000000000000       10.0000000000000000
      100.0000000000000000       10.0000000000000000
      100.0000000000000000      110.0000000000000000
       80.0000000000000000      110.0000000000000000
       80.0000000000000000      100.0000000000000000
       70.0000000000000000      100.0000000000000000
       70.0000000000000000       90.0000000000000000
       50.0000000000000000       90.0000000000000000
       50.0000000000000000      100.0000000000000000
       40.0000000000000000      100.0000000000000000
       40.0000000000000000      110.0000000000000000
       20.0000000000000000      110.0000000000000000
       22.5000000000000000       12.9903810567665783
       20.0000000000000000       16.2532104282127285
       24.9969150547389170       18.3578214668294315
       20.0000000000000000       21.1075739704452907
       20.0000000000000000       26.0550011138180793
       20.0000000000000000       30.9797311065551781
       20.0000000000000000       35.8783857167158189
       20.0000000000000000       40.7550372253190858
       20.0000000000000000       45.6074492209814295
       20.0000000000000000       50.4339935616201700
       20.0000000000000000       55.2310695104367539
       20.0000000000000000       59.9921980689046350
       20.0000000000000000       64.7061172619683873
       20.0000000000000000       69.3563424214168691
       20.0000000000000000       73.9309742204818150
       20.0000000000000000       78.6834005238223853
       20.0000000000000000       82.9596870778188986
       20.0000000000000000       87.8712102749989725
       20.0000000000000000       92.2619020159155951
       20.0000000000000000       97.1159337080775487
       20.0000000000000000      101.3801156464745645
       20.0000000000000000      105.6643073258016443
       24.0477879492874287      110.0000000000000000
       25.7643709805963788       10.0000000000000000
       28.1873104079120687       14.1737355368284277
       29.7887721533002114       21.9926815701311078
       24.8751767079304713       23.5289243926914864
       24.9253980150609706       28.5695961226535147
       24.9563359654747501       33.5191746799420969
       29.9407059605179064       36.2564841124445962
       24.9685109760360824       38.4241217187896140
       24.9813241509088826       43.3000850676744378
       24.9933530346917152       48.1556423623663150
       25.0061180322953831       52.9951865406904901
       25.0212589066298214       57.8190045957555725
       25.0438774378367235       62.6213659820786717
       25.0833139853514417       67.3797089666494031
       25.1414711480000683       72.0371584470249644
       24.6540467276673212       76.6255835856023424
       25.8751463915708797       80.8347994889841601
       24.3252311254916123       85.4505184886903351
       25.4592306841264140       90.2654506400055823
       24.2947622507449417       95.1332170491000397
       25.4162639432335489      100.0434780086889361
       24.8241381952092048      104.9060583575909078
       28.0149129461235837      110.0000000000000000
       30.8867496225209024       10.0000000000000000
       34.5015875661673235       14.6155443331261417
       30.5953243437629681       17.7185839856850720
       29.8490853430226899       26.6819103878822084
       34.9329526797526171       29.2899063771486041
       29.9200883335509147       31.4467940513723470
       34.9594941779566142       38.8587770262940211
       29.9581143461885873       41.0831244620381995
       34.9781510498693891       48.4585066074970001
       29.9733542064996001       45.9205425034831833
       29.9863819205447193       50.7693818004442079
       29.9982352635476630       55.6364714756391336
       30.0095336039248828       60.5362407912314140
       30.0287555084068494       65.4966494196315807
       30.0596936117365132       70.5618893145983037
       29.6799301763239605       75.8241756816630499
       31.4279023073778916       80.8609322969778930
       29.0815862332668580       85.5632737960663405
       30.8220742033929618       90.2325260900403379
       28.8084572334589772       95.1349320136044838
       30.6257885414704738      100.1093618879822031
       29.6111719549132104      104.8496851300801893
       32.0963193313387194      110.0000000000000000
       35.5571400515847458       10.0000000000000000
       35.2452120257670316       19.7396111573547444
       40.0000000000000000       18.3999896952003681
       34.8489150416918676       24.5182370507862295
       40.0000000000000000       27.4267466147721670
       34.9478666691352515       34.0726525754812002
       40.0000000000000000       36.7065913544539697
       34.9699955519669174       43.6534187537357354
       40.0000000000000000       46.1634726113902687
       34.9834179758610802       53.2743180008907018
       40.0000000000000000       55.7015454656477260
       34.9850543773768621       58.1004954612955089
       34.9813744853478141       62.9348645510910458
       34.9847734586098511       67.7728756660951319
       34.8955517342670021       72.5928229499802455
       34.8163001814585158       77.1276197494361497
       37.6168938756904794       80.7337645465792946
       34.2020809120805538       85.2780169613317156
       35.7862448845481680       90.4551309949983988
       33.6330941606849123       95.2313627645106635
       35.5094367578648402      100.0965071983574148
       34.6876790784906959      104.8819900401859115
       36.1795526931463911      110.0000000000000000
       40.0000000000000000       14.2305905223626876
       40.0000000000000000       22.9390946488921976
       40.0000000000000000       32.0355246962079505
       40.0000000000000000       41.4201104762159531
       40.0000000000000000       50.9268281487329020
       40.0000000000000000       60.4787136211707264
       40.0000000000000000       65.2474511267313488
       44.7479946757861100       70.0000000000000000
       39.9420159994103514       75.0788080713041666
       42.2109504839954823       82.8603194125219176
       39.0998217395287710       86.2126884286335127
       41.0071166159682150       90.6355790110493160
       38.7082438166775589       95.1934420733170725
       43.2307882797514011      100.0000000000000000
       40.0000000000000000      105.0053550983418091
       45.8664160632484723       74.2010224417913236
       43.2761224393565058       78.4678616949279331
       47.3862284114851846       82.3227930551717577
       45.1035225649364833       86.8731533916255216
       45.9106509878050559       91.5743755241555135
       44.0319924821537967       95.3575332098507999
       46.7323995388765923      100.0000000000000000
       50.0000000000000000       63.3089242331899626
       55.1116699282054014       64.5897043654986049
       50.0000000000000000       66.7345128667125636
       51.8031407083167679       73.8987093279432372
       49.0248493384853745       78.0288402024917360
       53.0485811851996942       81.8617522328505345
       50.9312437223346635       85.8813155727992665
       50.0000000000000000       95.1108089726807151
       55.0721915641290423       60.0000000000000000
       59.6680645958302662       65.3873395318168775
       55.3386266010245151       69.5038324415914417
       57.3535059178363795       74.4203748217807544
       54.6029705453991099       77.9155322945854465
       56.6730776246805235       85.3121337608053949
       54.8980210497851715       90.0000000000000000
       59.9518283154546978       60.0000000000000000
       64.5402624725600873       63.9113197912144386
       60.4506988057523102       70.5831739115754289
       61.8851716399580241       76.1115134268534774
       58.8815883437155350       80.4502513121885983
       61.7963845773704534       85.2256428585358208
       59.8437982691751102       90.0000000000000000
       64.9938793096919767       60.0000000000000000
       64.7215398163580460       68.0503439458893951
       65.5895054375888833       72.5214622036381797
       67.3902686741211312       76.4709406901384199
       64.2626806393934515       80.7330799001321111
       67.0146097911707272       85.3044776012052779
       64.8568236623657839       90.0000000000000000
       70.0000000000000000       63.3413251303506257
       70.0000000000000000       66.6084351964781405
       71.9315030238572035       74.8986070795874497
       69.6575906953848829       80.5238382103300268
       74.4491584124848487       79.7781130206288935
       72.0491000992364832       84.9774610317674899
       74.3934426309423174       89.9707541847100600
       70.0000000000000000       94.9104306758305256
       73.3090212719441610      100.0000000000000000
       74.9541752121664189       70.0000000000000000
       76.9786940626232763       74.9002008601353282
       79.2717068719645397       80.3016812010787362
       76.7570920636082548       85.0026899492883814
       79.0606850700268780       90.2247647590541817
       75.3773926233514828       94.8166214125897966
       76.7589078149590307      100.0000000000000000
       84.9805198699055353       10.0000000000000000
       80.0000000000000000       14.0480954298990213
       80.0000000000000000       18.2094410140387843
       80.0000000000000000       22.5692188487947583
       80.0000000000000000       27.1117852439495266
       80.0000000000000000       31.7658251017864828
       80.0000000000000000       36.4878778369500267
       80.0000000000000000       41.2496747396106258
       80.0000000000000000       46.0338947168371817
       80.0000000000000000       50.8294645534457743
       80.0000000000000000       55.6290071636403809
       80.0000000000000000       60.4258163780442317
       85.0308992442838729       62.7875079814648913
       80.0000000000000000       65.2211089921972018
       84.8430391486535314       71.9771512218254941
       81.6164223627402237       75.7139547673056938
       84.2618976914012592       80.7820483046068176
       81.5540489968306161       85.4603356036536468
       84.0053896135812579       90.5285901534866042
       80.7092853285110294       95.1543069660049952
       84.2897943403283136      100.1289109383212406
       80.0000000000000000      104.9983202228657717
       83.8015035746529691      110.0000000000000000
       90.0033289830799532       10.0000000000000000
       85.0889068530214701       14.5344633546318764
       85.1268104762464475       19.2559832488834637
       85.0711687569170891       24.1068353746524728
       85.0456240143385287       28.9806036606557029
       85.0274154865740712       33.8470480267198326
       85.0166181200249724       38.7015515236378818
       85.0106296389022447       43.5458011997312013
       85.0085561955316678       48.3814703813946423
       85.0101977192548759       53.2075249213581358
       89.9932998982653345       50.8291831455858798
       85.0206453335261898       58.0167941767513682
       89.9991484035085136       60.6769131481886390
       85.0977447624268706       67.4717859055918154
       89.8776561964845371       70.9690614281079064
       86.8399769955734229       76.3149831799996292
       89.4440190347352342       81.1807046753014134
       86.4108691286891712       85.7994502209185157
       89.1558716880246607       90.7768363950736870
       85.9258795303994702       95.3712729231631329
       89.1737367033812802      100.2300368896914193
       85.2676685987287755      104.9286844107556504
       87.8747223522374981      110.0000000000000000
       95.0253513758933792       10.0000000000000000
       89.9960765891695331       15.6586200571971208
       89.9979115556709246       21.0463669592512481
       89.9974189686067803       26.1982164970407325
       94.9500834804896670       28.9663286036729382
       89.9967126248784979       31.2190240135827857
       89.9958973477222486       36.1632739754792567
       89.9949714757073309       41.0655114148540150
       94.9803378901585518       43.5139973952708843
       89.9940371456187478       45.9481044917795955
       94.9761508280281248       53.1661953136311709
       89.9937769172434088       55.7284461803758262
       94.9589394294985425       62.7797646804830904
       89.9955749335919108       65.7141811645553702
       94.9792692146532858       72.0739424617848528
       91.3341116609331181       76.2126228971653745
       94.5504428247121496       81.3966857777227375
       91.2109107086346143       86.1135902801678697
       94.5388336558172142       90.8486861559369459
       90.9787808677033070       95.5336366042964897
       94.5039896494205323      100.3028284356822013
       90.3693362803357445      104.8995479197541556
       91.9478874593731774      110.0000000000000000
       94.9041123355519005       14.5302488942379480
       94.8701130569038185       19.2481790651769700
      100.0000000000000000       18.1983231706331061
       94.9255994090095925       24.0963393803542267
      100.0000000000000000       27.0887234387991356
       94.9670264492041980       33.8278404692076222
      100.0000000000000000       36.4424370935015105
       94.9762543074941448       38.6763740852394662
      100.0000000000000000       45.9456222322827372
       94.9801720297654981       48.3434563769672536
      100.0000000000000000       55.4557013801338243
       94.9656771851579578       57.9808497788864869
      100.0000000000000000       64.8685783239726419
       94.8387993657469508       67.5259772466735484
      100.0000000000000000       74.0682931364396069
       95.7929441339863672       76.9355370715622797
      100.0000000000000000       83.4113478331217379
       95.7786992246413860       86.1164554572108329
      100.0000000000000000       92.6349429960776831
       95.6212362324343701       95.5800092843172706
      100.0000000000000000      101.4998263985965536
       95.1923457252360095      105.0194543007752799
       95.9321854300796844      110.0000000000000000
      100.0000000000000000       14.0428534397862563
      100.0000000000000000       22.5529007171548876
      100.0000000000000000       31.7333713744392867
      100.0000000000000000       41.1863005569194343
      100.0000000000000000       50.7062001082480975
      100.0000000000000000       60.1802021080984204
      100.0000000000000000       69.4595468926466424
      100.0000000000000000       79.0258786204968828
      100.0000000000000000       88.3203555071383022
      100.0000000000000000       97.3484946220219030
      100.0000000000000000      105.7105768837055990
