            42            43            18
            55            40            39
            39            54            55
            38            54            39
            36            35            51
            55            54            73
           119           101           118
           162           176           149
           189           176           162
           175           161           160
           189           162           175
           175           162           161
            60            81            61
             1            59            60
            59            81            60
           290           276             4
           260           220           240
           190           176           189
           219           190           204
           204           190           189
             2           258           237
           239             3           260
           258             3           239
           239           237           258
            76            17            58
            42            41            57
            43            42            57
            57            58            43
            76            58            57
            97            96           114
            97            17            76
           130           115           129
           128           115           114
           129           115           128
           145           158           159
           158           143           157
           157           156           170
           157           143           156
           159           158           172
           158           157           172
            35            34            50
            51            35            50
            50            70            51
            53            36            51
            55            73            74
           214           215           201
           252           271           253
           235           236           215
           235           215           214
           197           198           183
           186           185           200
           214           201           200
           200           201           187
           200           187           186
           185           198           199
           214           200           199
           199           200           185
           184           198           185
           184           183           198
           170           169           184
           169           183           184
           170           156           155
           155           169           170
           252           231           230
           249           250           228
           269           249           268
           250           249           269
           160           161           146
           121            24           104
           161           162           148
           148           162           149
            80            81            59
           149           163           134
           134           148           149
           133           148           134
           176           190           191
            63            45            62
            85            24           105
           152           151           166
           152           139           138
           137           152           138
           151           152           137
           110           126             8
           138           139           125
           125           109           138
           125           139           140
           140           126           125
           125           110           109
           126           110           125
           241           220           260
           260             3           241
           219           240            23
            23           240           220
           218           240           219
           219           204           218
           260           240           218
           218           239           260
           238           239           218
           189           175           203
           203           204           189
            79            99           100
            78            79            16
            99            79            78
            56            57            41
            56            41            40
            56            40            55
            55            74            56
            76            57            56
            17            97            77
            77            78            17
            99            78            77
           117           130           131
           100            99           116
           116           117           100
           130           117           116
           115           130           116
           131           130           144
           144           145           131
           158           145           144
           144           143           158
           144           130           129
           129           143           144
           142           128           127
           129           128           142
           142           143           129
           156           143           142
           171           185           186
           186           172           171
           171           172           157
           171           157           170
           170           184           171
           171           184           185
           159           172           173
           186           187           173
           173           172           186
            36            53            37
            37            54            38
            37            53            54
            72            73            54
            54            53            72
            93            73            72
            75            97            76
            96            97            75
            76            56            75
            75            56            74
           257           275            15
           295           288           287
           273           288           274
           252           253           232
           213           235           214
           214           199           213
           141           155           156
           156           142           141
           141           142           127
           285            12           294
           294           286           285
           287           286           294
           272           253           271
           271           286           272
           273           253           272
           272           288           273
           287           288           272
           272           286           287
           251           271           252
           252           230           251
           208           207           227
           227           207           225
           268           249           248
           248           227           225
           248           249           228
           228           227           248
           147           146           161
           147           133           119
           119           118           147
           161           148           147
           147           148           133
           119           133           103
            46            47            31
            63            47            46
            46            45            63
            31            30            46
            30            45            46
            31            47            32
            33            26            32
            32            47            33
            64            47            63
            29            30            27
            29            45            30
           150           164           151
           150           137           136
           151           137           150
           166           151           165
           151           164           165
           135           134           163
           178           165           164
           176           191           177
           149           176           177
           177           163           149
           205           190           219
           205           191           190
           219            23           205
            83           104            24
            83            62            61
            63            62            84
            85            64            84
            84            64            63
            84            24            85
            84            83            24
            62            83            84
            28            62            45
            28            60            61
            61            62            28
             8            92            91
           242            23           220
           221            23           242
           276           290           277
            98            97           114
            98            77            97
           114           115            98
           115           116            98
            99            77            98
            98           116            99
            93           111            94
           127           128           113
           113           128           114
            96            75            95
            95            75            74
            95            73            93
            95            74            73
            93            94            95
            95            94           112
           256           257           236
           236           235           256
           255           275           256
           275           257           256
           289           274           288
           289           295            13
           288           295           289
            14           275           255
           273           274            14
           233           211            10
            10           232           233
            10           231           252
           252           232            10
           254           253           273
           254           232           253
           254            14           255
           273            14           254
           233           232           254
            11           230           231
           209           227           228
           208           227           209
           212           211           233
           233           213           212
           212           198           197
           197           211           212
           212           199           198
           212           213           199
           234           213           233
           234           254           255
           233           254           234
           235           213           234
           255           256           234
           234           256           235
           140           139           154
           250           269             7
           268           248             6
           247           267             6
           226           248           225
           247             6           226
           226             6           248
           132           147           118
           146           147           132
           102           101           119
           119           103           102
           102            80           101
            81            80           102
            65            64            85
           134           135           120
           133           134           120
           121           104           120
           120           135           121
           120           103           133
           104           103           120
            70            50            68
           123           137           138
           136           137           123
           123           122           136
            82           103           104
           104            83            82
            82            83            61
            82           102           103
            61            81            82
            81           102            82
            45            29            44
            44            28            45
            44            29            27
            90           110             8
             8            91            90
            71            91            92
            71           111            93
            71            92           111
            93            72            71
           259           241             3
           259           277           241
           276           277           259
           174           175           160
           174           203           175
           174           188           203
           114            96             9
             9           113           114
            96            95             9
             9            95           112
           228           250           229
           229           209           228
           210           209           229
           179           178           192
           165           178           179
           153           154           139
           168           154           153
           153           152           166
           139           152           153
           195           209           210
           210           196           195
           208           209           195
           195           194           208
           225           207            22
           271           251           270
           285           286           270
           270           286           271
            64            65            48
            33            47            48
            47            64            48
            86            65            85
            85           105            86
            86           105            25
            20            68            49
            49            68            50
            49            34            19
            49            50            34
            67            66            21
            20            66            67
           122           123           107
            70            91            52
            91            71            52
            52            71            72
            52            72            53
            51            70            52
            52            53            51
           278           291           261
           278           277           290
           261           277           278
             5           267           284
           292           263           280
           261           291           279
           263           243           279
           291           280           279
           279           280           263
           238           202           216
           216           239           238
           237           239           216
           217           202           238
           204           203           217
           188           202           217
           203           188           217
           238           218           217
           217           218           204
           193           179           192
           193           207           208
           208           194           193
           194           179           193
           168           153           167
           167           182           168
           167           153           166
           196           182           181
           181           195           196
           182           167           181
           194           195           181
           206            22           207
           206           193           192
           207           193           206
           122           107           106
           106           107            88
            69            68            20
            70            68            69
            69            91            70
            69            90            91
            89            67            88
            90            69            89
            20            67            89
            89            69            20
           124           107           123
           138           109           124
           124           123           138
           262           243           242
           261           279           262
           262           279           243
           241           277           262
           262           277           261
           220           241           262
           262           242           220
           293           265           282
           281           263           292
           292           282           281
           281           282           265
           265           245           281
           293           284           283
           283           265           293
           283           267           247
           283           284           267
           194           181           180
           166           165           180
           180           167           166
           180           181           167
           165           179           180
           180           179           194
            88            67            87
            87           106            88
            87            67            21
           108            89            88
            88           107           108
           107           124           108
           108           124           109
            90            89           108
           109           110           108
           110            90           108
           264           243           263
           263           281           264
           264           281           245
           246            22           223
           246           226           225
           225            22           246
           266           245           265
           266           283           247
           265           283           266
           247           226           266
           226           246           266
           266           246           245
           243           264           244
           242           243           244
           221           242           244
           244           222           221
           224           264           245
           224           244           264
           224           246           223
           245           246           224
           223           222           224
           222           244           224
