            78            77            69
            99            92            96
            96           105            99
            97           105            96
           101           109           108
            99           105           106
           260           255           254
           247           246           250
           241           246           247
           242           248           243
           241           247           242
           242           247           248
           271           270           276
           266           265           271
           265           270           271
           203           193           194
           223           226           229
           240           246           241
           234           240           236
           236           240           241
           208           216           207
           224           217           223
           216           217           224
           224           207           216
            90            84            83
            78            86            85
            77            78            85
            85            83            77
            90            83            85
            89            93            87
            89            84            90
            73            80            74
            79            80            87
            74            80            79
            59            58            53
            58            61            57
            57            60            54
            57            61            60
            53            58            52
            58            57            52
           109           113           112
           108           109           112
           112           117           108
           107           101           108
            99           106            98
            37            35            38
            27            18            23
            33            29            35
            33            35            37
            40            46            41
            48            47            43
            37            38            43
            43            38            45
            43            45            48
            47            46            42
            37            43            42
            42            43            47
            50            46            47
            50            41            46
            54            51            50
            51            41            50
            54            60            55
            55            51            54
            27            19            21
           171           162           172
           161           171           170
           162           171           161
           243           248           244
           268           274           269
           248           247           252
           252           247           250
           261           270           265
           250           251           258
           258           252           250
           259           252           258
           246           240           239
           288           285           283
           280           274           272
           148           153           152
           148           143           144
           149           148           144
           153           148           149
           133           132           127
           144           143           137
           137           138           144
           137           143           136
           136           132           137
           137           133           138
           132           133           137
           215           226           223
           223           217           215
           234           229           231
           231           229           226
           230           229           234
           234           236           230
           223           229           230
           230           224           223
           227           224           230
           241           242           237
           237           236           241
            67            66            65
            76            67            68
            66            67            76
            91            85            86
            91            86            92
            91            92            99
            99            98            91
            90            85            91
            84            89            82
            82            76            84
            66            76            82
            64            73            62
            65            66            75
            75            64            65
            73            64            75
            80            73            75
            62            73            63
            63            59            62
            58            59            63
            63            61            58
            63            73            74
            74            61            63
            70            79            71
            74            79            70
            70            61            74
            60            61            70
            44            47            48
            48            52            44
            44            52            57
            44            57            54
            54            50            44
            44            50            47
            53            52            49
            48            45            49
            49            52            48
           101           107           100
           100           105            97
           100           107           105
           111           106           105
           105           107           111
           110           106           111
            94            89            90
            93            89            94
            90            91            94
            94            91            98
            24            16            15
             3             8             5
            13             8             9
            27            23            28
            34            33            37
            37            42            34
            56            55            60
            60            70            56
            56            70            71
             7             2             6
             6            10             7
             5            10             6
            14            23            18
            18            10            14
            13            23            14
            14             8            13
             5             8            14
            14            10             5
            20            18            27
            27            21            20
           184           190           183
           183           190           189
           170           171           182
           182           183           189
           182           171           172
           172           183           182
           253           244           248
           253           259           260
           260           254           253
           248           252           253
           253           252           259
           260           259           263
           289           292           291
           288           292           289
           289           285           288
           291           287           289
           287           285           289
           291           292           294
           293           295           294
           294           292           293
           284           292           288
           281           287           282
           281           285           287
           154           160           153
           154           149           150
           153           149           154
           152           153           159
           153           160           159
           257           258           251
           167           159           160
           246           239           245
           250           246           245
           245           251           250
           235           240           234
           235           239           240
           234           231           235
           275           269           274
           275           283           276
           288           283           277
           280           284           277
           277           284           288
           277           274           280
           277           275           274
           283           275           277
           279           283           285
           279           271           276
           276           283           279
           127           121           120
           225           231           226
           221           231           225
           193           203           212
            81            89            87
            81            82            89
            87            80            81
            80            75            81
            66            82            81
            81            75            66
           110           103           104
            71            79            72
            72            79            87
            93            94           102
           102            94            98
           102           106           110
           102            98           106
           110           104           102
           102           104            95
            25            24            29
            29            33            25
            26            16            25
            16            24            25
             4             9             8
             4             3             1
             8             3             4
            17            16            26
            13             9            17
            36            31            32
            32            28            36
            32            19            27
            27            28            32
            22            23            13
            22            28            23
            22            17            26
            13            17            22
            36            28            22
            11            21            19
           173           183           172
           184           183           173
            39            31            36
            36            34            39
            39            46            40
            40            31            39
            39            42            46
            39            34            42
            30            34            36
            30            22            26
            36            22            30
            33            34            30
            26            25            30
            30            25            33
           136           143           142
           162           161           155
           170           182           180
           181           169           180
           187           182           189
           181           180           187
           187           180           182
           249           253           254
           244           253           249
           256           255           260
           260           263           256
           256           261           255
           270           261           256
           286           284           280
           258           257           262
           259           258           262
           268           269           262
           262           257           268
           262           263           259
           269           263           262
           117           112           118
           145           149           144
           150           149           145
           145           140           150
           264           263           269
           269           275           264
           264           275           276
           264           256           263
           276           270           264
           270           256           264
           285           281           278
           278           279           285
           278           281           282
           122           133           127
           127           120           122
           116           120           121
           116           103           110
           116           121           103
           110           111           116
           209           215           217
           209           212           215
           193           212           209
           238           242           243
           238           237           242
           238           233           237
            87            93            88
            88            72            87
            93           102            88
            88           102            95
           172           162           163
           163           173           172
           164           173           163
           166           167           177
           159           167           166
           147           142           143
           146           142           147
           147           148           152
           143           148           147
           174           173           164
           164           156           174
           184           173           174
           174           175           184
           189           190           197
            18            20            12
             7            10            12
            12            10            18
           284           286           290
           293           292           290
           292           284           290
           273           286           280
           280           272           273
           273           272           267
           126           118           119
           119           118           112
           119           113           114
           119           112           113
           131           124           125
           126           124           131
           140           145           141
           117           120           115
           120           116           115
           115           116           111
           115           111           107
           108           117           115
           115           107           108
           192           201           202
           192           212           203
           202           212           192
           168           169           178
           198           210           200
           202           201           211
           210           218           211
           201           200           211
           211           200           210
           227           228           222
           222           224           227
           207           224           222
           232           228           227
           236           237           232
           233           228           232
           237           233           232
           227           230           232
           232           230           236
           176           166           177
           176           190           184
           184           175           176
           175           166           176
           146           147           151
           151           157           146
           151           147           152
           156           157           165
           165           174           156
           157           151           165
           175           174           165
           185           197           190
           185           176           177
           190           176           185
           140           141           134
           134           141           135
           123           118           126
           117           118           123
           123           120           117
           123           122           120
           128           131           135
           122           123           128
           126           131           128
           128           123           126
           139           141           145
           144           138           139
           139           145           144
           219           218           225
           202           211           219
           219           211           218
           215           212           219
           219           212           202
           226           215           219
           219           225           226
           186           195           191
           199           210           198
           198           191           199
           199           191           195
           195           204           199
           186           178           179
           179           195           186
           179           169           181
           179           178           169
           175           165           158
           152           159           158
           158           151           152
           158           165           151
           159           166           158
           158           166           175
           135           131           130
           130           134           135
           130           131           125
           129           128           135
           135           141           129
           141           139           129
           129           139           138
           122           128           129
           138           133           129
           133           122           129
           213           218           210
           210           199           213
           213           199           204
           196           197           206
           196           187           189
           189           197           196
           188           204           195
           188           179           181
           195           179           188
           181           187           188
           187           196           188
           188           196           204
           218           213           220
           225           218           220
           221           225           220
           220           214           221
           205           213           204
           205           220           213
           205           196           206
           204           196           205
           206           214           205
           214           220           205
